1 0.303125 0.09444444444444444 0.01875 0.058333333333333334
0 0.4796875 0.875 0.0359375 0.09722222222222222
0 0.25 0.013888888888888888 0.0234375 0.027777777777777776
1 0.34375 0.11944444444444445 0.015625 0.06111111111111111
0 0.6015625 0.2222222222222222 0.028125 0.07777777777777778
1 0.5453125 0.025 0.0140625 0.04722222222222222
1 0.578125 0.7833333333333333 0.065625 0.175
1 0.740625 0.7638888888888888 0.03125 0.11666666666666667
0 0.159375 0.9 0.08125 0.12222222222222222
0 0.0953125 0.9222222222222223 0.0625 0.13333333333333333
1 0.4375 0.28888888888888886 0.0234375 0.08055555555555556
1 0.3640625 0.12222222222222222 0.0203125 0.07222222222222222
1 0.3875 0.12777777777777777 0.021875 0.075
1 0.4171875 0.09722222222222222 0.0125 0.06944444444444445
1 0.428125 0.11944444444444445 0.0140625 0.06944444444444445
1 0.390625 0.030555555555555555 0.0171875 0.058333333333333334