1 0.17031657651191393 0.8864274110108639 0.04175516046291672 0.10439411516358033
1 0.15592443672716164 0.959166861196543 0.05167381596343472 0.06595780074271589
1 0.38223030314315315 0.013720868204351571 0.01202911910658786 0.027441736408703142
1 0.39316780314315314 0.013462254222623166 0.00890411910658786 0.026924508445246333
1 0.4040325285360472 0.016029908140246615 0.010612168320799498 0.03205981628049323
1 0.4150428031431531 0.01304200650231451 0.012029119106587771 0.02608401300462902
1 0.46162670471472966 0.018984321767561388 0.009049668320799498 0.037968643535122776
1 0.49095033167920044 0.02741405471259223 0.010830492142117088 0.05482810942518446
1 0.5097731062863062 0.02565340822496876 0.012392992142117087 0.05130681644993752
1 0.5219092332507771 0.03667441236357947 0.010684942927905538 0.0503879209725926
1 0.6019905314315314 0.1970720124991349 0.01758991439185813 0.07564653495432101
1 0.6228553031431531 0.00940466675280818 0.008976893713693812 0.01880933350561636
1 0.6337928031431531 0.009194542892653852 0.010539393713693812 0.018389085785307704
0 0.5961087125726126 0.06412660013839418 0.02198631596343468 0.06472938432950619
0 0.6668578602152477 0.04455052617728295 0.01722604135632899 0.06175764606543213
0 0.7169648680731305 0.09797251638357918 0.028381865177646404 0.07054355386679016
0 0.647418655500518 0.020063203395894586 0.015517992142117087 0.04012640679178917
0 0.5655136840365653 0.040419670047036185 0.010976041356328991 0.06149903208370371
0 0.5268792154680967 0.2639996156733325 0.021006012820281583 0.08688695305629632
0 0.5756164301076239 0.02012901815422797 0.012392992142117087 0.04025803630845594
1 0.5489083808934121 0.022794232946450214 0.015445217535011223 0.04558846589290043
0 0.5337200285360473 0.007807395898116891 0.011592471463952592 0.015614791796233781
0 0.43775255707209454 0.0318323677835796 0.010976041356328814 0.06149903208370371
0 0.47517978246498876 0.033058461670986944 0.012538541356328991 0.06156368557913583
0 0.4853553031431531 0.010844368289073715 0.007268844499482086 0.02168873657814743
0 0.39421657278786026 0.14462446977592533 0.01915241439185813 0.07571118844975315
0 0.3716866013239076 0.17052961871197475 0.02071491439185813 0.0757758419451852
0 0.34051368403656535 0.049729773389258755 0.015736315963434677 0.06447077034777779
0 0.38702481100103603 0.061679057415184604 0.018861315963434676 0.064600077338642
1 0.36987585235736486 0.009150697822684914 0.014935795285270271 0.01830139564536983
0 0.32568920471472973 0.023960899021481245 0.017080492142117088 0.04792179804296249
0 0.29734588089341213 0.03080894385422818 0.018861315963434676 0.06161788770845636
1 0.26951197932183557 0.02509233519154301 0.014101041356328814 0.05018467038308602
0 0.2729836199351574 0.4826128547803699 0.05396406203449331 0.09380023201592597
0 0.38559493589859206 0.4141335677158019 0.028891287427387446 0.08998799831123468
0 0.3912670471472971 0.31678203850271547 0.02249573821317572 0.08417382877395067
0 0.14043660132390756 0.1800983360359257 0.037975188998963995 0.07926480817271606
0 0.04311633747016867 0.4394037943265431 0.06086903349844601 0.1190588459976545
0 0.09950757857882853 0.5508358503890122 0.058578787427387445 0.09121641472444443
0 0.13130123407934652 0.5883670158738269 0.038630160462916764 0.10426480817271605
0 0.1630948895798645 0.6258981813586417 0.03521406203449331 0.09302439007074083
0 0.0829322005809005 0.7069086339080246 0.05916098428423429 0.11343863694666681
0 0.08845014640429007 0.8537429351576542 0.07551373035529288 0.14186294967876545
0 0.2527695115819365 0.7775745271882711 0.03728598428423435 0.11253348801061709
0 0.27718300661953776 0.91807743093716 0.04397263192686944 0.1294587686590123
0 0.32140819561850176 0.8385540087827156 0.03423375889134021 0.11518195879753092
0 0.37282945450984195 0.7226608615354315 0.040629308105551855 0.12099612833481502
0 0.40803920843878333 0.748951608918271 0.0385573858558109 0.10148703039493828
0 0.42184053515558506 0.9370646558619746 0.03655823821317572 0.08475571023283932
0 0.4720246257261257 0.8683937308369128 0.0331079065339754 0.1317839719687653
1 0.6127609416895604 0.7987506808545668 0.039756012820281586 0.08766279500148168
1 0.5591265194398194 0.8203933441437029 0.0229323858558109 0.10084049544061725
1 0.5247515194398193 0.8218157210432092 0.027328787427387445 0.08992334481580239
1 0.3837583382987382 0.9608385619745674 0.035539393713693815 0.04586682134395043
1 0.7408474003332315 0.8544955518448137 0.02583906203449331 0.0926364690981482
1 0.7638140194398193 0.8119237362420977 0.027110463606069855 0.08159001148246905
1 0.5716949859413734 0.9364134758560485 0.02071491439185813 0.07577584194518529
1 0.5529449859413733 0.9371893178012338 0.020787688998963993 0.07855361972296275
1 0.5297258097626909 0.929825786899382 0.02718323821317572 0.08436778926024684
1 0.7935742940469253 0.8079175420511098 0.03706766046291676 0.10420015467728376
1 0.8349270401179838 0.7784587733920976 0.02896406203449331 0.09276577608901246
1 0.8417549288692786 0.8752930746417271 0.042953787427387626 0.0905698797701234
1 0.8095588589769026 0.9126972556614803 0.02769266046291676 0.10381223370469128
1 0.8768234416895604 0.7878242401265418 0.04586046360606986 0.08236585342765435
1 0.8849955066195377 0.8929272212140726 0.03670378742738763 0.09031126578839488
0 0.8600812055432993 0.5332384870024678 0.057161836641599 0.09670731678456801
0 0.9612412911514412 0.6039713563039493 0.04502570967712849 0.11007897771000014
0 0.9195545971900783 0.824902831143332 0.06602741439185814 0.07765079331271604
0 0.6322686129058441 0.9477808784230854 0.04037244292790554 0.05161633738580254
0 0.6795802605484792 0.9291746068934558 0.03343323821317572 0.08462640324197537
0 0.8075470186112499 0.27458420871777656 0.03633991439185813 0.07642237689950622
0 0.8519819152204278 0.4253577281371592 0.051964914391858484 0.07706891185382732
0 0.8894819152204277 0.42380604424678875 0.03121576674922295 0.059561749746543234
1 0.6026924288692788 0.8851850594428387 0.026348484284234176 0.11208091354259264