0 0.36875 0.19444444444444445 0.0234375 0.06388888888888888
0 0.171875 0.2722222222222222 0.028125 0.08055555555555556
0 0.1984375 0.4444444444444444 0.03125 0.09444444444444444
0 0.7578125 0.2777777777777778 0.021875 0.06111111111111111
0 0.6234375 0.18611111111111112 0.0171875 0.06388888888888888
0 0.478125 0.03888888888888889 0.0171875 0.05
0 0.265625 0.1527777777777778 0.01875 0.058333333333333334
1 0.2921875 0.09444444444444444 0.0203125 0.06666666666666667
0 0.615625 0.3638888888888889 0.0203125 0.07222222222222222
1 0.7203125 0.36666666666666664 0.0203125 0.06944444444444445
0 0.7625 0.40555555555555556 0.0265625 0.08611111111111111
0 0.696875 0.19722222222222222 0.01875 0.06111111111111111
0 0.240625 0.3333333333333333 0.025 0.08611111111111111
0 0.496875 0.36666666666666664 0.021875 0.08055555555555556
1 0.4796875 0.5055555555555555 0.0171875 0.030555555555555555
0 0.9140625 0.5722222222222222 0.0453125 0.09444444444444444
1 0.3984375 0.5444444444444444 0.0203125 0.09166666666666666
0 0.384375 0.7 0.034375 0.10277777777777777
0 0.7421875 0.20833333333333334 0.015625 0.058333333333333334
0 0.3375 0.2777777777777778 0.0328125 0.08333333333333333
0 0.184375 0.9055555555555556 0.0328125 0.13055555555555556
1 0.5546875 0.41388888888888886 0.01875 0.06944444444444445
1 0.6546875 0.4361111111111111 0.0234375 0.05555555555555555
0 0.4578125 0.7083333333333334 0.025 0.1
1 0.421875 0.1 0.0140625 0.04722222222222222
0 0.746875 0.5111111111111111 0.025 0.075
0 0.33125 0.5972222222222222 0.0296875 0.09444444444444444
1 0.5796875 0.5666666666666667 0.0203125 0.07222222222222222
0 0.5 0.7694444444444445 0.0359375 0.10555555555555556
0 0.696875 0.43333333333333335 0.028125 0.08611111111111111
0 0.61875 0.3055555555555556 0.015625 0.05
1 0.590625 0.49722222222222223 0.0125 0.08055555555555556
1 0.63125 0.6444444444444445 0.0234375 0.08888888888888889
0 0.3875 0.36944444444444446 0.021875 0.09166666666666666
0 0.6265625 0.4527777777777778 0.01875 0.075
1 0.240625 0.46944444444444444 0.0265625 0.075
1 0.73125 0.5416666666666666 0.0125 0.05555555555555555
0 0.8859375 0.4527777777777778 0.0296875 0.07222222222222222
1 0.9875 0.4722222222222222 0.0234375 0.09166666666666666
0 0.4890625 0.2777777777777778 0.0203125 0.075
1 0.503125 0.15833333333333333 0.0125 0.06388888888888888
1 0.5421875 0.4861111111111111 0.0171875 0.06111111111111111
1 0.46875 0.15833333333333333 0.0140625 0.06388888888888888
1 0.6015625 0.6666666666666666 0.0265625 0.08611111111111111
0 0.640625 0.25555555555555554 0.0203125 0.06944444444444445
0 0.4296875 0.15 0.021875 0.06111111111111111
0 0.3015625 0.5722222222222222 0.03125 0.09722222222222222
0 0.4515625 0.6166666666666667 0.021875 0.07222222222222222
0 0.3578125 0.9444444444444444 0.0328125 0.1111111111111111
1 0.5453125 0.16944444444444445 0.0109375 0.058333333333333334
0 0.5453125 0.6 0.0234375 0.1
0 0.671875 0.09722222222222222 0.0140625 0.06111111111111111
0 0.85 0.6111111111111112 0.046875 0.09722222222222222
1 0.2515625 0.9111111111111111 0.040625 0.1638888888888889
1 0.32890625 0.011111111111111112 0.0109375 0.022222222222222223
0 0.334375 0.06388888888888888 0.021875 0.05555555555555555
1 0.4125 0.7555555555555555 0.0171875 0.1
1 0.4765625 0.4777777777777778 0.015625 0.041666666666666664
1 0.2671875 0.5527777777777778 0.0265625 0.04722222222222222
0 0.834375 0.9083333333333333 0.053125 0.12222222222222222
1 0.65 0.06944444444444445 0.0125 0.03333333333333333
0 0.3546875 0.8166666666666667 0.0328125 0.1
0 0.53125 0.2388888888888889 0.0171875 0.06944444444444445
0 0.0625 0.325 0.0390625 0.08888888888888889
1 0.440625 0.5555555555555556 0.0234375 0.058333333333333334
0 0.3375 0.38333333333333336 0.0328125 0.10555555555555556
1 0.6625 0.7083333333333334 0.0234375 0.09722222222222222
0 0.2265625 0.011111111111111112 0.0265625 0.022222222222222223
0 0.6765625 0.3611111111111111 0.0203125 0.07777777777777778
0 0.49375 0.9583333333333334 0.0328125 0.08333333333333333
1 0.35 0.11666666666666667 0.0125 0.05555555555555555
0 0.015625 0.1111111111111111 0.03125 0.058333333333333334
0 0.2640625 0.075 0.0125 0.058333333333333334
0 0.38125 0.019444444444444445 0.015625 0.03611111111111111
1 0.4015625 0.019444444444444445 0.0140625 0.03888888888888889
0 0.3671875 0.09444444444444444 0.0140625 0.05555555555555555
1 0.38125 0.09722222222222222 0.0078125 0.022222222222222223
1 0.3828125 0.13333333333333333 0.0125 0.06111111111111111
1 0.409375 0.14444444444444443 0.028125 0.06388888888888888
1 0.390625 0.1 0.00625 0.025
1 0.396875 0.11388888888888889 0.0109375 0.03611111111111111
0 0.453125 0.075 0.0125 0.041666666666666664
0 0.4484375 0.12222222222222222 0.015625 0.058333333333333334
0 0.4625 0.1361111111111111 0.0078125 0.06388888888888888
1 0.484375 0.16666666666666666 0.0109375 0.058333333333333334
1 0.5671875 0.06388888888888888 0.009375 0.05277777777777778
1 0.58125 0.07777777777777778 0.0109375 0.04722222222222222
1 0.6 0.06944444444444445 0.009375 0.05277777777777778
1 0.575 0.027777777777777776 0.0125 0.05277777777777778
1 0.5875 0.027777777777777776 0.0078125 0.05277777777777778
1 0.5703125 0.1638888888888889 0.015625 0.06111111111111111
0 0.575 0.125 0.015625 0.041666666666666664
1 0.6203125 0.10833333333333334 0.0140625 0.06111111111111111
1 0.640625 0.14166666666666666 0.009375 0.05555555555555555
1 0.65625 0.12777777777777777 0.0109375 0.06388888888888888
1 0.653125 0.044444444444444446 0.0078125 0.05277777777777778
1 0.665625 0.03888888888888889 0.0109375 0.04722222222222222
0 0.6359375 0.027777777777777776 0.015625 0.04722222222222222
0 0.6765625 0.027777777777777776 0.015625 0.04722222222222222
0 0.696875 0.05277777777777778 0.01875 0.03333333333333333
0 0.7 0.075 0.0140625 0.03888888888888889
0 0.6875 0.125 0.0140625 0.044444444444444446
0 0.6984375 0.15 0.0171875 0.03611111111111111
0 0.7046875 0.10833333333333334 0.015625 0.044444444444444446
0 0.721875 0.10555555555555556 0.0171875 0.06388888888888888
0 0.6015625 0.22777777777777777 0.0203125 0.06111111111111111
1 0.275 0.45 0.0234375 0.075
1 0.2765625 0.5944444444444444 0.0296875 0.07222222222222222
1 0.4125 0.5527777777777778 0.01875 0.06111111111111111
1 0.415625 0.6277777777777778 0.01875 0.08888888888888889
1 0.48125 0.6444444444444445 0.01875 0.08888888888888889
1 0.4765625 0.5611111111111111 0.01875 0.075
1 0.509375 0.5888888888888889 0.021875 0.09444444444444444
0 0.434375 0.7972222222222223 0.03125 0.09166666666666666
0 0.440625 0.9083333333333333 0.034375 0.12777777777777777
0 0.3078125 0.8638888888888889 0.04375 0.10833333333333334
0 0.3421875 0.6944444444444444 0.040625 0.1111111111111111
0 0.525 0.875 0.0328125 0.11944444444444445
0 0.571875 0.7666666666666667 0.0328125 0.10555555555555556
0 0.5171875 0.5 0.0265625 0.075
1 0.4921875 0.4638888888888889 0.0140625 0.06944444444444445
1 0.565625 0.4722222222222222 0.0140625 0.075
1 0.58125 0.39444444444444443 0.0171875 0.07222222222222222
0 0.5765625 0.35 0.0171875 0.058333333333333334
0 0.6546875 0.5416666666666666 0.028125 0.07777777777777778
1 0.66875 0.4861111111111111 0.0171875 0.05
1 0.6828125 0.48333333333333334 0.0140625 0.07777777777777778
1 0.703125 0.5222222222222223 0.0140625 0.06666666666666667
1 0.58125 0.8722222222222222 0.0390625 0.09722222222222222
1 0.68125 0.7694444444444445 0.0171875 0.08888888888888889
1 0.70625 0.775 0.0203125 0.08888888888888889
0 0.73125 0.7166666666666667 0.0296875 0.11944444444444445
0 0.7484375 0.6305555555555555 0.03125 0.1
0 0.7046875 0.6027777777777777 0.0375 0.08611111111111111
0 0.7609375 0.8944444444444445 0.0390625 0.11388888888888889
1 0.775 0.6333333333333333 0.01875 0.06111111111111111
1 0.7890625 0.6555555555555556 0.0234375 0.058333333333333334
1 0.8 0.6972222222222222 0.0203125 0.075
1 0.8140625 0.6166666666666667 0.0203125 0.06666666666666667
1 0.8859375 0.5916666666666667 0.0171875 0.08611111111111111
1 0.7375 0.4222222222222222 0.0203125 0.06944444444444445
0 0.8421875 0.7111111111111111 0.0546875 0.08888888888888889
0 0.81875 0.48055555555555557 0.0359375 0.08888888888888889
0 0.803125 0.3194444444444444 0.0328125 0.08055555555555556
0 0.8359375 0.36666666666666664 0.01875 0.03611111111111111
1 0.8296875 0.41388888888888886 0.0203125 0.05277777777777778
1 0.85 0.39444444444444443 0.0125 0.044444444444444446
1 0.765625 0.475 0.0109375 0.044444444444444446
1 0.853125 0.4527777777777778 0.021875 0.08055555555555556