0 0.1171875 0.8888888888888888 0.0703125 0.12222222222222222
0 0.1453125 0.6138888888888889 0.05 0.10277777777777777
1 0.4953125 0.06388888888888888 0.015625 0.05277777777777778
0 0.2671875 0.675 0.034375 0.04722222222222222
1 0.5796875 0.1 0.015625 0.05277777777777778
1 0.3015625 0.5861111111111111 0.0296875 0.05
1 0.303125 0.2 0.01875 0.05555555555555555
1 0.5796875 0.4666666666666667 0.021875 0.06111111111111111
0 0.8484375 0.42777777777777776 0.0265625 0.08333333333333333
0 0.2625 0.9027777777777778 0.046875 0.08888888888888889
1 0.296875 0.5388888888888889 0.025 0.058333333333333334
0 0.16953125 0.9597222222222223 0.0484375 0.08055555555555556
1 0.40625 0.22777777777777777 0.0171875 0.05555555555555555
1 0.228125 0.35833333333333334 0.0171875 0.044444444444444446
1 0.7078125 0.4388888888888889 0.0234375 0.07222222222222222
1 0.228125 0.7166666666666667 0.028125 0.05555555555555555
1 0.6296875 0.03333333333333333 0.015625 0.04722222222222222
1 0.403125 0.45 0.0265625 0.05555555555555555
0 0.25 0.9555555555555556 0.0421875 0.05555555555555555
1 0.2234375 0.6611111111111111 0.0296875 0.058333333333333334
0 0.2640625 0.34444444444444444 0.040625 0.07222222222222222
0 0.3546875 0.08888888888888889 0.0171875 0.058333333333333334
1 0.35625 0.3333333333333333 0.01875 0.03611111111111111
0 0.678125 0.044444444444444446 0.0203125 0.03333333333333333
1 0.6328125 0.08055555555555556 0.0171875 0.04722222222222222
0 0.5703125 0.36944444444444446 0.0203125 0.08888888888888889
1 0.9125 0.7055555555555556 0.0421875 0.058333333333333334
1 0.653125 0.4305555555555556 0.0125 0.03611111111111111
1 0.4328125 0.16666666666666666 0.0125 0.03333333333333333
0 0.396875 0.022222222222222223 0.015625 0.041666666666666664
1 0.7375 0.1111111111111111 0.0171875 0.027777777777777776
1 0.540625 0.06944444444444445 0.0125 0.03611111111111111
0 0.340625 0.011111111111111112 0.0140625 0.022222222222222223
1 0.98125 0.4888888888888889 0.0125 0.027777777777777776
1 0.753125 0.175 0.0171875 0.027777777777777776
1 0.31875 0.1527777777777778 0.015625 0.04722222222222222
1 0.7359375 0.1388888888888889 0.015625 0.041666666666666664
1 0.60625 0.13333333333333333 0.0078125 0.022222222222222223
0 0.34375 0.030555555555555555 0.0140625 0.03888888888888889
0 0.6671875 0.17222222222222222 0.0140625 0.05555555555555555
0 0.2734375 0.725 0.0296875 0.06111111111111111
0 0.5703125 0.3388888888888889 0.01875 0.03611111111111111
1 0.35 0.4388888888888889 0.025 0.08888888888888889
1 0.3671875 0.4388888888888889 0.025 0.09166666666666666
1 0.35625 0.37222222222222223 0.021875 0.06944444444444445
1 0.3796875 0.36944444444444446 0.0234375 0.08055555555555556
0 0.4140625 0.38333333333333336 0.0296875 0.08333333333333333
1 0.4046875 0.3194444444444444 0.01875 0.06111111111111111
0 0.35625 0.2833333333333333 0.0296875 0.06666666666666667
0 0.325 0.2638888888888889 0.028125 0.08333333333333333
0 0.384375 0.25277777777777777 0.025 0.08333333333333333
0 0.4484375 0.24722222222222223 0.025 0.07222222222222222
0 0.453125 0.19166666666666668 0.0171875 0.06111111111111111
0 0.4546875 0.14444444444444443 0.0171875 0.05
0 0.4859375 0.25 0.01875 0.08333333333333333
0 0.5046875 0.21388888888888888 0.01875 0.075
0 0.384375 0.11388888888888889 0.0265625 0.05277777777777778
0 0.375 0.058333333333333334 0.0140625 0.06111111111111111
0 0.4265625 0.1111111111111111 0.0203125 0.075
0 0.7015625 0.3638888888888889 0.0234375 0.08055555555555556
0 0.6359375 0.38055555555555554 0.0328125 0.07222222222222222
0 0.69375 0.3138888888888889 0.0328125 0.05277777777777778
1 0.384375 0.14722222222222223 0.0171875 0.06944444444444445
1 0.3984375 0.1638888888888889 0.0203125 0.075
1 0.346875 0.16944444444444445 0.03125 0.08333333333333333
1 0.29375 0.10555555555555556 0.015625 0.058333333333333334
1 0.3 0.06944444444444445 0.0203125 0.058333333333333334
0 0.284375 0.05 0.015625 0.05555555555555555
0 0.2734375 0.07222222222222222 0.0171875 0.05555555555555555
0 0.2546875 0.06388888888888888 0.015625 0.06111111111111111
0 0.25625 0.030555555555555555 0.0234375 0.05
1 0.475 0.18055555555555555 0.0140625 0.06666666666666667
1 0.4796875 0.14444444444444443 0.0140625 0.07222222222222222
1 0.5109375 0.11388888888888889 0.0171875 0.06111111111111111
1 0.5109375 0.16666666666666666 0.0140625 0.05
1 0.5234375 0.17777777777777778 0.0140625 0.07222222222222222
1 0.534375 0.16111111111111112 0.0109375 0.075
1 0.5453125 0.1361111111111111 0.0109375 0.06666666666666667
1 0.5625 0.14166666666666666 0.009375 0.06666666666666667
1 0.5296875 0.09444444444444444 0.0109375 0.06388888888888888
0 0.5734375 0.16111111111111112 0.015625 0.05277777777777778
1 0.58125 0.2222222222222222 0.015625 0.08333333333333333
1 0.5984375 0.21388888888888888 0.0125 0.06388888888888888
1 0.609375 0.175 0.015625 0.05555555555555555
1 0.6171875 0.1388888888888889 0.0078125 0.041666666666666664
1 0.628125 0.16666666666666666 0.0109375 0.058333333333333334
1 0.6140625 0.24166666666666667 0.015625 0.075
1 0.6046875 0.24444444444444444 0.01875 0.03611111111111111
1 0.603125 0.2916666666666667 0.0140625 0.06944444444444445
0 0.634375 0.19722222222222222 0.0140625 0.06111111111111111
1 0.634375 0.2388888888888889 0.015625 0.03333333333333333
1 0.6328125 0.2861111111111111 0.0109375 0.07777777777777778
1 0.65 0.28888888888888886 0.0109375 0.075
1 0.659375 0.275 0.009375 0.08055555555555556
1 0.675 0.25555555555555554 0.009375 0.08888888888888889
1 0.6890625 0.25555555555555554 0.0109375 0.08333333333333333
0 0.6484375 0.2222222222222222 0.0140625 0.058333333333333334
0 0.6984375 0.2222222222222222 0.0171875 0.08333333333333333
1 0.7171875 0.275 0.0125 0.08055555555555556
1 0.7359375 0.3416666666666667 0.0234375 0.09722222222222222
1 0.68125 0.37777777777777777 0.0140625 0.075
1 0.74375 0.4583333333333333 0.028125 0.10555555555555556
0 0.784375 0.41944444444444445 0.0390625 0.1
1 0.7296875 0.20277777777777778 0.0140625 0.08055555555555556
1 0.75 0.21666666666666667 0.0140625 0.030555555555555555
1 0.7484375 0.25833333333333336 0.015625 0.07222222222222222
1 0.7625 0.2638888888888889 0.0109375 0.07777777777777778
1 0.7765625 0.225 0.0125 0.05
1 0.7859375 0.25277777777777777 0.015625 0.05277777777777778
1 0.778125 0.30833333333333335 0.01875 0.075
0 0.7078125 0.1111111111111111 0.01875 0.058333333333333334
1 0.696875 0.14166666666666666 0.0140625 0.06666666666666667
1 0.6875 0.07777777777777778 0.0140625 0.06388888888888888
1 0.6703125 0.08333333333333333 0.015625 0.06944444444444445
1 0.6453125 0.6333333333333333 0.040625 0.10833333333333334
1 0.5609375 0.9166666666666666 0.0453125 0.11666666666666667
0 0.7390625 0.8583333333333333 0.0546875 0.16666666666666666
1 0.45625 0.46111111111111114 0.03125 0.09722222222222222
1 0.4421875 0.36666666666666664 0.028125 0.08611111111111111
0 0.2359375 0.43333333333333335 0.0390625 0.1
0 0.19375 0.3138888888888889 0.05 0.12777777777777777
1 0.2421875 0.7916666666666666 0.05 0.09722222222222222
1 0.5078125 0.46111111111111114 0.025 0.10555555555555556
1 0.51875 0.24722222222222223 0.0296875 0.08333333333333333
1 0.446875 0.10277777777777777 0.0125 0.05555555555555555
1 0.3625 0.5305555555555556 0.059375 0.08333333333333333