1 0.2701110198992454 0.9171148448576554 0.02967421189493056 0.10885765500844337
1 0.23763935662483382 0.8263609821546739 0.041601001809022264 0.09096713971829931
1 0.2333546483479479 0.8938046133984906 0.041601001809022264 0.09096713971829931
1 0.7510932677515388 0.36942929100739746 0.026221663274411534 0.0973580616087574
1 0.7133476062861496 0.3657577451369648 0.015284163274411533 0.09599837359874468
1 0.7333325576656305 0.35212149915011587 0.025976001809022264 0.08902472827542406
1 0.6922095906823174 0.39347712115699024 0.027866050429541288 0.10033008053082268
1 0.6293067989592032 0.3343858591175372 0.01956222749876275 0.0826922081427184
1 0.6428713319758901 0.36894304107434805 0.02244156603337366 0.07474735709796
1 0.6610481218899817 0.3471677028984533 0.019480340343633173 0.07991443036494061
1 0.8418886861143331 0.310746841272211 0.02745661465389233 0.0864411916419338
1 0.8637636861143332 0.30802746525218566 0.016191566033373305 0.07397039252080996
1 0.8840761861143331 0.30550233037644775 0.030417840343633172 0.08127411837495334
1 0.916056526457966 0.3795895264127625 0.016191566033373305 0.07397039252080996
1 0.8006971200809595 0.24338064765717704 0.019644114653892687 0.08546998592049616
1 0.713865505427067 0.17053633611537028 0.011258404567984215 0.06505433575461406
1 0.699878248529662 0.22803430311380113 0.017917840343633175 0.07972018922065302
1 0.5767129862051901 0.039824611157587994 0.014547178878243727 0.07099837359874467
1 0.5967798247398008 0.028966142948516786 0.013973968792335612 0.05155392915430023
1 0.5908507293077851 0.09382623755884331 0.014137743102595125 0.05710948470985579
1 0.680902519221877 0.06311580674572219 0.017344630257724702 0.060275744776208624
1 0.6514606806872661 0.07513972182051859 0.020633404567984216 0.06621978262033923
1 0.6587885018090223 0.012424180052043645 0.015208920171816586 0.02484836010408729
1 0.6663486962910984 0.048197310377643285 0.01561835594746519 0.05452594807636554
1 0.6624734237898611 0.12952983051034894 0.013564533016686652 0.03766504026541134
1 0.6698698439616777 0.1676417548220877 0.015290807326946165 0.0434148369652544
1 0.6459343769783644 0.2068607242417993 0.012984678878243727 0.07080413245445717
1 0.6596693283578455 0.19400144283210044 0.01249335594746519 0.0541374657877905
1 0.6667381999091428 0.2210022560327281 0.01561835594746519 0.054525948076365516
1 0.6888655054270669 0.17364419442397072 0.020551517412854638 0.06344200484256146
1 0.7467665366347314 0.11626303094104462 0.01775406603337366 0.07416463366509751
1 0.7637902623244719 0.10857082279832626 0.018989017412854636 0.06324776369827395
1 0.5491545522385636 0.11573741512127327 0.016027791723114148 0.06841483696525444
1 0.5323764880142123 0.13176295659732495 0.014301517412854636 0.06266504026541134
1 0.5021777329258297 0.2777029284383173 0.014792840343632995 0.07933170693207801
1 0.4942899898232347 0.22292433745991186 0.015618355947465367 0.054525948076365516
1 0.5030098925821967 0.19953666837196443 0.015945904567984216 0.06563705918747663
1 0.4347578595655099 0.17177792646521708 0.014301517412854636 0.06266504026541134
1 0.46246677973732647 0.20736471590121797 0.020551517412854638 0.06344200484256146
1 0.45399253844375365 0.2390857183224987 0.01561835594746519 0.054525948076365516
1 0.48170145861557023 0.2746725077584996 0.017917840343632994 0.07972018922065302
1 0.3984928109449909 0.16513436167271914 0.016109678878243817 0.07119261474303222
1 0.3637083751693421 0.15551877795815588 0.01537269448207601 0.046192614743032226
1 0.37826219810012063 0.1704372743262348 0.009614017412854548 0.06208231683254874
1 0.36830734396167764 0.20513029566958083 0.016109678878243817 0.07119261474303218
1 0.3930550384437537 0.24666112294971232 0.034941566033373485 0.0763012862522603
1 0.3866479081860289 0.1889105130492416 0.014055855947465279 0.054331706932078006
1 0.4245573439616777 0.1981376144752298 0.01027575870642714 0.031721002421280765
1 0.4352425384437536 0.24141661205394904 0.012820904567984215 0.06524857689890161
1 0.41912621551297524 0.2266923568301577 0.012657130257724702 0.05969302134334605
1 0.41911957146044043 0.27966437575222297 0.014547178878243727 0.07099837359874467
1 0.42034123473485197 0.3743030613409549 0.024004066033373662 0.07494159824224766
1 0.3085096200809595 0.30456660810774866 0.02384029172311406 0.06938604268669211
1 0.3152575870642727 0.2674842912751999 0.020387743102595036 0.0578864492870059
1 0.31164790818602894 0.198234087975043 0.020797178878243817 0.07177533817589479
1 0.2767815852552504 0.18584072648270195 0.020960953188503238 0.07733089373145034
1 0.33567190637700656 0.10882087741104386 0.02721095318850324 0.07810785830860047
1 0.43090916327441153 0.04122237090966152 0.01084896879233561 0.051165446865725175
0 0.14207455110690986 0.8828483775449452 0.0688119549975256 0.16907499802689976
0 0.20508580619529249 0.7328293416739147 0.039540534825709094 0.1266897685408354
0 0.20954093283497266 0.6179692470635882 0.05055992198083885 0.1308272343286259
0 0.37606004748886523 0.680907260246731 0.03765048620519007 0.11538441628543679
0 0.38254242084918505 0.7944076668470448 0.040611711894930555 0.1102173430184564
0 0.32999727498762804 0.7674842912751998 0.04512879353213641 0.15782804752925364
0 0.45193422998515365 0.9140273165647463 0.04415279172311397 0.07191117756242989
0 0.5494223043862702 0.6035966965309721 0.03674308344622812 0.1374123973633715
0 0.4632391429208809 0.6059466261334528 0.034443599050060315 0.11221815621908383
0 0.40601314111185866 0.5266339550724053 0.026958647670579337 0.1223580616087574
1 0.4326575282669884 0.5261096333972951 0.019644114653892507 0.0854699859204961
0 0.3682674796464694 0.5229624092019727 0.0311548247398008 0.10627411837495325
0 0.34944888059640905 0.4165714873115146 0.026221663274411534 0.0973580616087574
0 0.4319271879233554 0.4481376144752298 0.029019114653892685 0.08663543278622131
0 0.4666230924913396 0.5079474393340806 0.02918288896415202 0.09219098834177701
0 0.4938473337849123 0.47389554318134947 0.025976001809022264 0.08902472827542406
0 0.5251792209400421 0.4727884980733767 0.02465916327441171 0.09716382046446989
1 0.5699251549066686 0.3947390415225286 0.024659163274411533 0.09716382046446989
0 0.5305351062861495 0.38848395901860566 0.024004066033373482 0.07494159824224766
0 0.5518368962002412 0.36632013855413587 0.024249727498762752 0.083274931575581
0 0.5656603787873868 0.3032666160001494 0.02087906603337366 0.07455311595367256
1 0.5290677815463487 0.28551194009654035 0.016355340343632997 0.07952594807636551
1 0.535815748529662 0.24842962326399162 0.015864017412854637 0.06285928140969885
1 0.6078611668924563 0.19207806726025553 0.019316566033373662 0.07435887480938498
1 0.6285897467206396 0.15046980235134128 0.017426517412854458 0.0630535225539864
0 0.4922494549975257 0.10050787409340209 0.02244156603337366 0.07474735709796007
0 0.4609728787873868 0.3162807726674139 0.020960953188503238 0.07733089373145034
0 0.4726407191310198 0.3928931035794665 0.029101001809022264 0.08941321056399908
1 0.6221626843053107 0.2516352492170664 0.017426517412854635 0.06305352255398636
1 0.5891864099950512 0.250158757691549 0.017917840343633175 0.0797201892206531
1 0.5812986668924562 0.19538016671314354 0.013973968792335612 0.05155392915430023
0 0.6853510018090223 0.011807496772547266 0.026228307326946164 0.023614993545094533
0 0.7037668091359686 0.04075774513696482 0.023512743102595123 0.05827493157558096
0 0.6212885018090223 0.01956762460853322 0.014219630257724703 0.03913524921706644
0 0.6244068577564876 0.06177515460673991 0.017017081637205677 0.04916463366509751
0 0.6225101650834339 0.10383030356198163 0.01981453301668683 0.03844200484256145
1 0.6764540366347314 0.12500388243398344 0.014137743102595125 0.05710948470985579
0 0.7106652623244718 0.11517502170410224 0.019070904567984215 0.06602554147605172
0 0.7719103787873868 0.2776267849541956 0.03049972749876275 0.08405189615273104
0 0.7392682971501809 0.234289385617724 0.02227779172311415 0.06919180154240452
0 0.729490505427067 0.16859392467249498 0.015700243102595123 0.05730372585414333
0 0.7132790072360893 0.25703592951505644 0.02408595318850324 0.07771937602002545
0 0.7632037641334942 0.19507041619801244 0.020797178878243727 0.07177533817589479
1 0.7845874412027157 0.17568437351132035 0.023758404567984216 0.06660826490891429
1 0.8337552815463487 0.24763491696047224 0.019480340343633173 0.07991443036494053
0 0.8060530054270669 0.15907610860240606 0.02269387155129756 0.03049715379780318
0 0.5179997274987628 0.023991369608832105 0.017426517412854635 0.04798273921766421
0 0.403855340343633 0.029143518900209223 0.022032130257724703 0.05828703780041845
0 0.3575469063770066 0.10610150139101845 0.02203213025772479 0.060858468209071225
0 0.2549132293077851 0.13558808358066204 0.023758404567984302 0.06660826490891429
0 0.2452726356847917 0.2873362538792498 0.02696529172311406 0.06977452497526712
0 0.24567542740790574 0.354197161690204 0.02721095318850324 0.07810785830860047
0 0.30554175033868425 0.3634826648739446 0.02737472749876284 0.08366341386415602
0 0.35447721732199755 0.3211558371456325 0.030254066033373484 0.07571856281939777
0 0.34536116689245616 0.22471057950056042 0.025812227498762753 0.0834691727198685
1 0.2931037053362099 0.5267304285722185 0.047353034825709094 0.1276609742622731
0 0.2653682089542545 0.7030317148244788 0.06354460085908258 0.20163136678308308
0 0.19741050429541315 0.951244178639169 0.03905585594746528 0.05743956524067863
0 0.7918687539567288 0.4758786146556079 0.031072937584671223 0.10349634059717548
0 0.7426123824054314 0.4541223123507434 0.033952276119281775 0.09555148955241716
0 0.889569269560561 0.4386414225654936 0.06116987336031983 0.12107581122752752
0 0.9827521638960093 0.5484322115533139 0.03449567220798144 0.08160419890577594
0 0.43177670171816523 0.3366380210755436 0.024249727498762752 0.083274931575581
0 0.6033440852552504 0.14524432732660839 0.016771420171816587 0.04083130033176418
0 0.525130554047586 0.20515062568527237 0.020633404567984216 0.06621978262033923
0 0.5722645036180446 0.10171268684584922 0.019978307326946342 0.04399756039811701
1 0.543225456806548 0.1805975097315998 0.013728307326946165 0.0432205958209669
1 0.5479881999091429 0.2357645829985803 0.013066566033373661 0.07358191023223494
1 0.5596693283578456 0.2064328760665023 0.012739017412854636 0.062470799121123834
1 0.5614841338757695 0.1615999493334828 0.008631371551297562 0.0287489834992154
1 0.5961999706013579 0.06249371742613764 0.010193871551297562 0.02894322464350295
0 0.6556302815463487 0.2697784074092506 0.01627345318850324 0.07674817029858774
0 0.679061137493814 0.3198368091670029 0.02605788896415202 0.09180250605320184