0 0.25433888950489114 0.07689579977934259 0.01699007892507769 0.04279852437678918
0 0.5312235530402415 0.8041830233692505 0.030036110495108837 0.060370677211554064
1 0.30104728953312604 0.13318233645850017 0.019189615756780666 0.062356154592245895
1 0.5215447161520688 0.7171664260900414 0.02360409997176518 0.05436237857194928
1 0.5468904105515786 0.08695042784752251 0.017081084186749605 0.045576302154566956
1 0.40444530531814155 0.13231926401197544 0.016990078925077867 0.04279852437678918
0 0.2711469579066252 0.041916546378353986 0.02011507892507769 0.043024895918813685
1 0.5647149473832815 0.06875102688421283 0.01019404735504672 0.025679114626073505
1 0.4296133633377063 0.368029498536566 0.010103042093374804 0.022901336848295747
1 0.3358927263930639 0.16911894252511528 0.015609589448421436 0.04824089416133247
1 0.6859866477503348 0.765275228928451 0.03701415258848364 0.0830456425178252
1 0.3755012579630949 0.1552819201337549 0.013501057878390376 0.03146104172365358
0 0.5465572106080483 0.19273235494510257 0.023877115756780753 0.06269571190528261
0 0.384117394766563 0.0835124409955817 0.02158657366340595 0.040360303912048166
1 0.3347852527014231 0.15511686786521414 0.01386507892507769 0.04257215283476465
1 0.35068326848643866 0.1479153922420033 0.01028505261671846 0.0284568924038513
1 0.3749552263930639 0.17194858680042158 0.015609589448421436 0.04824089416133247
1 0.4255629001694092 0.34824549677908484 0.013683068401734033 0.03701659727920909
0 0.1292368478350394 0.8836539850944596 0.0674296946818584 0.10741839438928007
1 0.4243644212160966 0.3370211998969615 0.01341005261671846 0.028683263945875757
1 0.7917478842432193 0.1186094827853349 0.019842063140062295 0.03469156258548034
0 0.5471032421780795 0.1760656882784359 0.021313557878390198 0.032026970578714835
1 0.3543697106080483 0.1788105051105956 0.015518584186749607 0.04546311638355465
0 0.3820844579066252 0.04995273612022385 0.01497255261671846 0.028796449716888044
1 0.3015023158414853 0.11929344756961127 0.015518584186749607 0.04546311638355469