0 0.24293991628021977 0.7123104626848694 0.059747704722264317 0.116960241869621
0 0.3496727470731337 0.08189518242936787 0.02050339754067192 0.05938405935305754
0 0.21023754235086942 0.20297750329944542 0.025227258976990453 0.07073764569948958
0 0.23920690398357963 0.42088627125352374 0.033085210772388504 0.08503065998058017
0 0.10950018150372616 0.9108472610189635 0.06925906010845857 0.15911185900692967
0 0.25292501210024837 0.048017448403778945 0.018904536104353477 0.04819212316350608
0 0.7893432593697739 0.35076917697586374 0.028370439695149584 0.07645485141192583
1 0.42145684348233753 0.10595500659889083 0.01580680718159222 0.05636380633995878
0 0.3488727954741274 0.3263396268738123 0.031486349336070064 0.07383872379102867
1 0.7383625423508694 0.1756586267866166 0.0220568071815924 0.056687106653720044
1 0.5316034822424108 0.34188309269629463 0.020530668617910842 0.06771739268639089
1 0.4920147831774873 0.02731787806907635 0.015797716822512697 0.053586028562181004
0 0.2774159519917898 0.20227980270428933 0.028297716822512697 0.05423262918970361
1 0.2982102410230095 0.05400685446234294 0.018886355386194254 0.042636567607950544
1 0.33665459660559555 0.24087511639022377 0.025127265027114643 0.04018209014393403
0 0.19248644008793314 0.37608880138451123 0.023692030054229284 0.07899015395438261
1 0.7326114703385541 0.5009011020219376 0.017342036104353475 0.04811129808506583
0 0.35560458450534715 0.17879410433782877 0.01897725897699045 0.07041434538572829
1 0.26973071701890444 0.16379503920760208 0.01259999394987581 0.031202156183078165
0 0.6484182775201466 0.44971010070215933 0.04247839149054773 0.09107116600677771
1 0.4215113856368153 0.08928833993222417 0.012581813231716588 0.02564660062752257
1 0.4987455304470128 0.3574693082324303 0.017332945745273776 0.04533352030728805
1 0.6904966932111911 0.480861156917604 0.017278403590796288 0.028666853640621385
1 0.771701241415793 0.49054714172759617 0.02676248789975162 0.06248513744459656
1 0.3836103680756179 0.6911473167363517 0.015752265027114642 0.03969713967329211
1 0.45289774102300956 0.04600517169675107 0.012618174668035031 0.03675771173863368
1 0.6888978317748726 0.4920530931071555 0.020457945745273775 0.04549517046416851
1 0.2927682412194013 0.28480488525321945 0.017342036104353475 0.04811129808506575
0 0.22390006655136627 0.32447229981570475 0.020467036104353475 0.048272948241946445
0 0.2750160971947707 0.9356131360376228 0.09095225292686626 0.10468785454953856
1 0.34152286202549365 0.6627740382986846 0.02520907825883123 0.06518209014393411
1 0.3537774223303439 0.7371274376711622 0.036237481849627426 0.09352564347079395
1 0.36740358509452237 0.8697333452985325 0.029987481849627427 0.09320234315703273
1 0.3237444886853185 0.8442186697170838 0.030023843285945873 0.10431345426814384
1 0.3471728983262389 0.8457840713182567 0.02842498184962743 0.09312151807859234
1 0.40366937978308276 0.2901774157950677 0.026898843285945873 0.10415180411126322
1 0.43624448868531845 0.8383992640693806 0.029987481849627427 0.09320234315703273
0 0.39198647033855416 0.5185209691219277 0.030014752926866263 0.10153567649036606
1 0.49723653083979624 0.8185804193435413 0.025327252926866172 0.1012932012550449
1 0.600652422330344 0.7243570752775914 0.0362829336450254 0.10741453235968315
1 0.4984263261175318 0.9323884831539899 0.033057939695149585 0.07669732664724684
1 0.640777452580965 0.8750334010159208 0.03943520472226432 0.11590951584989695
1 0.6802671994577071 0.7424572184993571 0.02841589149054773 0.09034374030081456
1 0.675152452580965 0.8732552492902335 0.028388620413308984 0.08201040696748123
1 0.7015331453993726 0.9274367785123037 0.03147725897699054 0.07106094601325089
1 0.7135978499252452 0.582426558518777 0.02841589149054773 0.09034374030081473
1 0.5342659156910445 0.017610768013195662 0.01425339754067192 0.035221536026391324
1 0.5545875060501242 0.016370754289279046 0.01269998789975162 0.03274150857855809
1 0.5670602349728854 0.018764612944465294 0.007994307181592396 0.03752922588893059
1 0.5795329638956466 0.021933741122536307 0.009547716822512698 0.043867482245072614
1 0.5920420542547261 0.01885286930060732 0.011092036104353475 0.03770573860121464
1 0.6014352349728853 0.01579220374828842 0.007967036104353476 0.03158440749657684
1 0.5887716085094523 0.0584178343168875 0.009565897540672098 0.058818283803975274
1 0.6011897952777356 0.08277123368936491 0.011155668617910841 0.06723244221574894
1 0.6012897892276114 0.05221567813380936 0.011064765027114731 0.03945466443797115
1 0.612236379586691 0.04887212480694933 0.011082945745273775 0.04501021999352669
1 0.6152795663549746 0.07371047465006869 0.009602258976990541 0.06992939491508639
1 0.6264352349728853 0.01653449200965473 0.007985216822512697 0.03306898401930946
1 0.6326397831774873 0.021948603677939722 0.009529536104353652 0.043897207355879445
1 0.6262170663549745 0.07314469910098644 0.009593168617910841 0.0671516171373086
1 0.6387261567140541 0.06972032069568608 0.01271816861791084 0.06731326729418924
0 0.6467659156910446 0.013251557491624941 0.009547716822512698 0.026503114983249882
0 0.6560136506639299 0.03827568927728698 0.01425339754067192 0.05906075903929623
0 0.660819325331965 0.012213606463809127 0.011082945745273954 0.024427212927618253
1 0.6732375121002484 0.027862528372270063 0.011128397540672097 0.055725056744540126
1 0.677697753123258 0.09547747151245581 0.012709078258831141 0.06453548951641146
1 0.6762443374322133 0.0622249632575628 0.009529536104353475 0.04770717269286416
1 0.6918511567140542 0.06697226802871513 0.007994307181592396 0.05595968094775715
1 0.6873181928184076 0.026804371074844173 0.011155668617910664 0.053608742149688346
1 0.7059045663549746 0.06902262010053002 0.01269089754067192 0.05897993396085591
1 0.702861379586691 0.04418427025741065 0.011101126463433175 0.050565775549082266
1 0.43101365066392994 0.04991450057269335 0.014244307181592397 0.056282981261518455
1 0.3686590964092038 0.01850310002675083 0.020494307181592397 0.03700620005350166
1 0.3452215964092038 0.0183138123225584 0.012672716822512697 0.0366276246451168
1 0.3374000060501242 0.017781018034994597 0.009520445745273953 0.03556203606998919