1 0.2328125 0.6638888888888889 0.0375 0.09166666666666666
1 0.221875 0.7305555555555555 0.04375 0.10277777777777777
1 0.2328125 0.8333333333333334 0.03125 0.10555555555555556
1 0.26875 0.85 0.0421875 0.08611111111111111
1 0.3640625 0.7861111111111111 0.03125 0.10555555555555556
1 0.409375 0.7888888888888889 0.0328125 0.1
1 0.4109375 0.9222222222222223 0.0296875 0.10555555555555556
1 0.3828125 0.85 0.025 0.10833333333333334
1 0.4546875 0.8333333333333334 0.0265625 0.125
1 0.4875 0.9083333333333333 0.028125 0.1111111111111111
1 0.5203125 0.6388888888888888 0.028125 0.06944444444444445
1 0.5125 0.6944444444444444 0.028125 0.06388888888888888
1 0.5046875 0.7638888888888888 0.03125 0.07222222222222222
1 0.4921875 0.8305555555555556 0.0296875 0.08888888888888889
1 0.553125 0.725 0.028125 0.08333333333333333
1 0.5640625 0.6222222222222222 0.0234375 0.08888888888888889
1 0.6 0.6027777777777777 0.028125 0.09444444444444444
1 0.6109375 0.7 0.0296875 0.09722222222222222
1 0.584375 0.725 0.0234375 0.08611111111111111
1 0.609375 0.8611111111111112 0.0265625 0.1111111111111111
1 0.6109375 0.14444444444444443 0.0125 0.06944444444444445
1 0.6234375 0.06666666666666667 0.0109375 0.05277777777777778
1 0.59375 0.041666666666666664 0.0125 0.05277777777777778
1 0.575 0.025 0.0140625 0.04722222222222222
1 0.5515625 0.016666666666666666 0.0109375 0.03333333333333333
1 0.634375 0.05555555555555555 0.009375 0.05555555555555555
1 0.7796875 0.5694444444444444 0.0375 0.08888888888888889
1 0.7734375 0.7194444444444444 0.03125 0.08611111111111111
1 0.7984375 0.7 0.028125 0.09166666666666666
1 0.925 0.5861111111111111 0.0328125 0.09444444444444444
1 0.9546875 0.6194444444444445 0.03125 0.08888888888888889
1 0.9234375 0.6444444444444445 0.0421875 0.08888888888888889
1 0.96875 0.8388888888888889 0.0546875 0.09722222222222222
1 0.8234375 0.7805555555555556 0.0484375 0.10833333333333334
1 0.85 0.8194444444444444 0.0375 0.08611111111111111
1 0.8828125 0.8305555555555556 0.04375 0.08333333333333333
1 0.8671875 0.9027777777777778 0.040625 0.09722222222222222
1 0.7203125 0.6833333333333333 0.03125 0.10277777777777777
1 0.7421875 0.6694444444444444 0.0234375 0.1
1 0.74375 0.6111111111111112 0.0234375 0.06111111111111111
0 0.65 0.575 0.0296875 0.09166666666666666
0 0.840625 0.5333333333333333 0.0375 0.075
0 0.8625 0.6305555555555555 0.034375 0.09444444444444444
0 0.9328125 0.7333333333333333 0.046875 0.10277777777777777
0 0.725 0.575 0.0546875 0.075
1 0.8265625 0.625 0.0328125 0.08888888888888889
1 0.8359375 0.7 0.034375 0.06666666666666667
0 0.7734375 0.9638888888888889 0.0453125 0.07222222222222222
0 0.75 0.8472222222222222 0.040625 0.11666666666666667
0 0.8328125 0.9277777777777778 0.0375 0.13333333333333333
0 0.6796875 0.7666666666666667 0.0234375 0.1111111111111111
0 0.4453125 0.6416666666666667 0.0421875 0.09444444444444444
0 0.4859375 0.55 0.0203125 0.09166666666666666
0 0.45625 0.3861111111111111 0.025 0.08333333333333333
0 0.4109375 0.4027777777777778 0.021875 0.09444444444444444
0 0.3265625 0.8972222222222223 0.034375 0.13333333333333333
0 0.3578125 0.975 0.0390625 0.04722222222222222
0 0.2765625 0.9527777777777777 0.053125 0.09166666666666666
0 0.3578125 0.2111111111111111 0.025 0.08055555555555556
0 0.4171875 0.12777777777777777 0.0140625 0.06944444444444445
0 0.446875 0.10833333333333334 0.0109375 0.06111111111111111
0 0.4671875 0.10833333333333334 0.0140625 0.04722222222222222
0 0.4828125 0.14444444444444443 0.0125 0.075
0 0.509375 0.11388888888888889 0.015625 0.058333333333333334
0 0.5875 0.1361111111111111 0.015625 0.06944444444444445
0 0.603125 0.21388888888888888 0.0234375 0.06944444444444445
0 0.5703125 0.06388888888888888 0.0125 0.058333333333333334
0 0.7796875 0.32222222222222224 0.034375 0.08055555555555556
0 0.690625 0.3 0.0296875 0.08611111111111111
0 0.6765625 0.2388888888888889 0.0140625 0.058333333333333334
0 0.7421875 0.2388888888888889 0.025 0.07222222222222222
0 0.7671875 0.17777777777777778 0.0203125 0.05
0 0.7671875 0.2388888888888889 0.021875 0.06666666666666667
0 0.79375 0.26944444444444443 0.015625 0.06388888888888888
0 0.68125 0.1527777777777778 0.0171875 0.06666666666666667
0 0.703125 0.12777777777777777 0.015625 0.05555555555555555
0 0.709375 0.07777777777777778 0.021875 0.04722222222222222
0 0.6640625 0.07222222222222222 0.009375 0.05555555555555555
0 0.6765625 0.05555555555555555 0.0109375 0.05555555555555555
0 0.659375 0.025 0.0125 0.05
0 0.684375 0.016666666666666666 0.021875 0.030555555555555555
0 0.621875 0.013888888888888888 0.021875 0.025
0 0.528125 0.019444444444444445 0.0140625 0.03888888888888889
0 0.53125 0.05 0.0125 0.041666666666666664
1 0.553125 0.08888888888888889 0.0140625 0.058333333333333334
1 0.528125 0.09444444444444444 0.0109375 0.05
1 0.503125 0.08055555555555556 0.009375 0.05277777777777778
1 0.4859375 0.08888888888888889 0.009375 0.05277777777777778
1 0.459375 0.07777777777777778 0.0078125 0.04722222222222222
1 0.446875 0.041666666666666664 0.0109375 0.06111111111111111
1 0.4265625 0.06111111111111111 0.0109375 0.05
1 0.409375 0.06111111111111111 0.0125 0.06111111111111111
1 0.3984375 0.06666666666666667 0.0078125 0.05555555555555555
1 0.38125 0.06388888888888888 0.0078125 0.05277777777777778
1 0.390625 0.05555555555555555 0.00625 0.044444444444444446
1 0.3609375 0.058333333333333334 0.0125 0.05277777777777778
1 0.2796875 0.06388888888888888 0.01875 0.06666666666666667
0 0.21875 0.4083333333333333 0.0296875 0.07777777777777778
0 0.3265625 0.3638888888888889 0.021875 0.07777777777777778
0 0.35625 0.375 0.01875 0.09722222222222222
0 0.3828125 0.4 0.0234375 0.1
0 0.41875 0.26944444444444443 0.01875 0.07222222222222222
0 0.45625 0.26666666666666666 0.01875 0.08055555555555556
0 0.1828125 0.2388888888888889 0.015625 0.075
0 0.196875 0.275 0.0203125 0.07222222222222222
0 0.2484375 0.20277777777777778 0.01875 0.06666666666666667
0 0.2640625 0.2388888888888889 0.0203125 0.06111111111111111
0 0.3 0.19166666666666668 0.015625 0.07222222222222222
0 0.3140625 0.2388888888888889 0.0265625 0.06944444444444445
0 0.315625 0.1527777777777778 0.0171875 0.07222222222222222
0 0.234375 0.12222222222222222 0.0328125 0.075
0 0.30625 0.08611111111111111 0.0140625 0.05555555555555555
0 0.2609375 0.022222222222222223 0.015625 0.041666666666666664
0 0.7203125 0.9361111111111111 0.0359375 0.125
1 0.65703125 0.9541666666666667 0.0265625 0.09166666666666666
0 0.640625 0.7694444444444445 0.0328125 0.10833333333333334
0 0.55625 0.8305555555555556 0.0359375 0.1111111111111111
0 0.06875 0.3194444444444444 0.0328125 0.08055555555555556
0 0.46875 0.05277777777777778 0.0125 0.03333333333333333
0 0.58125 0.9416666666666667 0.0453125 0.11666666666666667