1 0.23498509582002863 0.6494355704048044 0.03779998184962743 0.09399471796611654
1 0.22426576443793947 0.7167812520338106 0.04408634328594587 0.10549383762713596
1 0.23553960772388532 0.8188800148492489 0.03159543364502539 0.10749559830509713
1 0.271531649878363 0.8333156323539429 0.042469301131468205 0.08873016882299238
1 0.3666350716195318 0.7635096130789522 0.031595433645025484 0.10749559830509713
1 0.41195666197861147 0.7634743288698947 0.03313975292686635 0.10203704488701848
1 0.41395549921443314 0.896710660065751 0.030032933645025395 0.10739859616761989
1 0.385594149878363 0.8262344763181162 0.025354524004105095 0.10988536753296659
1 0.4574146077238853 0.8051057113275041 0.02697156615858276 0.12664903633711017
1 0.490472547419035 0.8780686664404852 0.028488614363184794 0.11285714958569852
1 0.5224032825883121 0.6065871771090222 0.028352258976990542 0.07119048291903185
1 0.5147725897699045 0.6626277433519632 0.028334078258831143 0.0656349273634763
1 0.5071873487468949 0.732557198483793 0.031486349336070064 0.07416226497176379
1 0.4949055173648057 0.7999998822502764 0.029978391490547728 0.09073192950095353
1 0.5554975837197802 0.6906612433331147 0.028397710772388507 0.08507937180792075
1 0.5660987404338343 0.5872044505929974 0.02372839149054773 0.0903439209510449
1 0.6019726079202771 0.5655289569865802 0.028434072208706952 0.09619048291903186
1 0.6132282704880636 0.6620721642464629 0.03000566256778665 0.09906526283428654
1 0.5867475837197802 0.6887212005835732 0.023719301131468206 0.08756614317326712
1 0.6121930113146815 0.8232802774950511 0.026926114363184796 0.11276014744822128
1 0.6114101986721401 0.10651660869090733 0.012727258976990364 0.07022046154426106
1 0.6236556686179109 0.02796281381331293 0.011110216822512698 0.053456792740117325
1 0.5938863553861943 0.015791375932087296 0.012672716822512697 0.03158275186417459
1 0.5750818132317166 0.006675417069096806 0.014217036104353476 0.013350834138193612
1 0.6345568071815924 0.022120735965035648 0.00955680718159222 0.044241471930071295
1 0.7815510236113216 0.5210403778433831 0.03779089149054791 0.09121694018833877
1 0.7757919030016209 0.6714283863932914 0.03153180113146803 0.08805115386065268
1 0.8007282704880636 0.6504319077492137 0.02842498184962743 0.09341270514125408
1 0.9269180657657994 0.5286858457246815 0.0331215722087073 0.09648148933146308
1 0.9567146500747548 0.5601761384459504 0.03154089149054791 0.09082893163843045
1 0.9255464633064712 0.5871161811954919 0.04247839149054755 0.09150794660077
1 0.9714952884420445 0.778747563653101 0.05500566256778683 0.10061729703392011
1 0.8259918909013727 0.7294354291051359 0.048792024004104914 0.1113403995951226
1 0.8526816559284871 0.7666752816569146 0.03778180113146803 0.08843916241056099
1 0.8855305173648057 0.775749347881007 0.04402271077238851 0.08604939318269153
1 0.8701418667008756 0.848941591478 0.04094316256778683 0.09974427779662626
1 0.722548728333586 0.6386153479564008 0.031586343285945874 0.10471782052731934
1 0.7443782765381879 0.6233684291428329 0.02376475292686635 0.10145503206215617
1 0.7457498789975159 0.5649380936720224 0.02363748789975162 0.06256614317326728
0 0.6518817043294808 0.534647110809536 0.029987481849627427 0.09350970727873115
0 0.8423703489432868 0.4811461833706659 0.03774543969514994 0.07732805129944988
0 0.8645635115110732 0.577010375668209 0.03468407220870695 0.09657849146894017
0 0.935212354797019 0.6754230572595182 0.047211343285945874 0.10568784190209013
0 0.7268817043294808 0.5299910082106363 0.054932939695149584 0.07839507481169773
1 0.828607830792914 0.5736858692746263 0.033103391490547904 0.09092593377590753
1 0.8382282704880637 0.6481038564497638 0.03459316861791066 0.06880071369116239
0 0.7765918546006273 0.9158728308377356 0.04554884933607006 0.07503528420905733
0 0.7527725595192833 0.8006611962332253 0.04100679508134384 0.1191887222410707
0 0.8358486799325924 0.8760756385024957 0.03793633723582168 0.1356613846327832
0 0.6821964391059744 0.7244707368641381 0.023801114363184793 0.11256614317326744
0 0.44741237294739167 0.6140210574856997 0.04249657220870695 0.09706350215632539
0 0.4877373910977643 0.519832335244629 0.02061248184962743 0.09292769445386868
0 0.4575135599120669 0.3577864869678046 0.025272710772388508 0.08488536753296659
0 0.41225560206654455 0.3772662156213065 0.02218407220870695 0.09580247436912354
0 0.32949868598271653 0.8769487754895132 0.03481133723582168 0.13546738035782904
0 0.36100321603694585 0.9527865105177492 0.039217036104353474 0.04964727565914902
0 0.2796804931643089 0.935608399444335 0.05342498184962743 0.09496473934088732
0 0.35850336729005094 0.18889762162886048 0.025263620413308985 0.08210758975518881
0 0.41760565651766246 0.1018782070713982 0.01428975897699054 0.07031746368173815
0 0.4472295240041051 0.0805907220148893 0.011137487899751618 0.061790126073450656
0 0.4675420240041051 0.0793296942276873 0.014217036104353476 0.04809524145951593
0 0.48328519867214015 0.11447078396402763 0.012745439695149584 0.07577601709981663
0 0.5097477047222643 0.08226619207136178 0.01581589754067192 0.05930335470810411
0 0.5879454275949012 0.09963830741973013 0.01585225897699054 0.07041446581921523
0 0.6038249576491305 0.17644606382273717 0.02366475897699054 0.07089947650660061
0 0.5705215782588311 0.029018891963165375 0.012690897540672097 0.05803778392633075
0 0.7807419816532356 0.2738181556211608 0.034638620413308986 0.08268960258005127
0 0.6916067587805987 0.25712505523513196 0.029969301131468028 0.0879541517231756
0 0.677344270880847 0.19688696336131453 0.014253397540672097 0.059206352570627035
0 0.7429692708808472 0.19281287358727728 0.025236349336070062 0.07377425642185548
0 0.7677692829810956 0.13014972827653296 0.020476126463433175 0.05126102778720202
0 0.7679692708808471 0.19126083938764407 0.022093168617910663 0.06802469659134576
0 0.7946317648307228 0.22016735860608933 0.015834078258831142 0.06485891026365967
0 0.681749969749379 0.11048484583777218 0.01740566861791084 0.06773369017891452
0 0.7035431565176624 0.08412681591309311 0.01580680718159222 0.05652557693032634
0 0.7096295300542292 0.033738807363184804 0.022029536104353476 0.0485802521469013
0 0.6642988493360701 0.030996313794464485 0.009556807181592398 0.056137568380418015
0 0.6767443071815924 0.020835457643464374 0.011119307181592219 0.04167091528692875
0 0.6594568132317166 0.004726553267290901 0.012663626463433175 0.009453106534581802
0 0.5281886325135574 0.0032693380201418505 0.01418976502711473 0.006538676040283701
0 0.531413626463433 0.019120307570517726 0.012636355386194254 0.03824061514103545
1 0.5534158914905477 0.054550132222003625 0.014253397540672097 0.059206352570627015
1 0.528434072208707 0.06165772197719241 0.011101126463433175 0.05067901496233953
1 0.5033886204133089 0.049320867287936755 0.009547716822512698 0.05335979060264023
1 0.48622839149054775 0.058721224133517935 0.009547716822512698 0.05335979060264025
1 0.4596295300542293 0.04925914935951713 0.007967036104353476 0.047707232909607614
1 0.44701135538619424 0.02240955919247398 0.011137487899751618 0.04481911838494796
1 0.42676248789975163 0.034629527579869084 0.011101126463433175 0.05067901496233953
1 0.4095749878997516 0.035696551092116925 0.01269998789975162 0.061887128210927726
1 0.39865566861791085 0.04193112161001202 0.007994307181592396 0.05604056624294094
1 0.38145907825883124 0.040220367344482096 0.007985216822512697 0.053262788465163156
1 0.39080680718159233 0.031305021186286294 0.006395445745273865 0.044832452994352755
1 0.361128397540672 0.03592583957612854 0.012672716822512697 0.0535537948775944
1 0.27989657825883124 0.0465255062804921 0.01896816861791084 0.06783069231639159
0 0.2200862827847038 0.39475303408654255 0.029942030054229286 0.07962081838984227
0 0.32775333703942994 0.3436154421561798 0.022129530054229286 0.07913580770245687
0 0.3574771984757484 0.3528835126552264 0.01906816256778665 0.09838624787194716
0 0.38412151170746495 0.37623447631811613 0.02376475292686626 0.10145503206215617
0 0.4196317648307229 0.24344787160058778 0.018986349336070064 0.07338624787194716
0 0.45712267447164334 0.2383420425233602 0.019013620413308986 0.0817195812052805
0 0.18359427088084712 0.22753963880407088 0.015870439695149674 0.07597002137477078
0 0.19777494554888214 0.2627777306778883 0.02054884933607006 0.07348325000942424
0 0.2491010962128121 0.18735443791892253 0.01896816861791084 0.0678306923163916
0 0.2648442708808471 0.22249552765526287 0.02051248789975162 0.062372138898313126
0 0.3006272347764936 0.1730422562710679 0.015861349336070064 0.073192243596993
0 0.3148442708808471 0.2193914592559964 0.02678975897699045 0.07109348078155478
0 0.316124969749379 0.13318334600740822 0.017423849336070062 0.07328924573447008
0 0.23477497579950318 0.10767190160066066 0.033057939695149675 0.0770370448870186
0 0.3065318011314681 0.06709869216560402 0.014244307181592397 0.05642857479284926
0 0.2610102228726369 0.013670604642134538 0.015761355386194255 0.027341209284269075
0 0.7233759510098311 0.8913931257341785 0.03634656615858276 0.12723104916197295
1 0.6601537883438487 0.9133772678575557 0.026862481849627428 0.09331570300377684
0 0.6431430294650541 0.7296735680788429 0.033167024004105095 0.11037037822035213
0 0.5589680173648057 0.7960227946137161 0.0363011143631848 0.11334216027308407
0 0.06979539129415605 0.3151763503954531 0.033076120413308915 0.0825926004425742
0 0.4689227168225127 0.023677136534654673 0.012609084308955331 0.03410935043314995
0 0.5843316317279903 0.9055818715251939 0.04569429508134384 0.11947972865350177