0 0.2984375 0.7805555555555556 0.034375 0.06111111111111111
0 0.075 0.7083333333333334 0.08125 0.09166666666666666
0 0.68125 0.05277777777777778 0.015625 0.03611111111111111
0 0.1296875 0.11944444444444445 0.0296875 0.05
0 0.15 0.32222222222222224 0.046875 0.08888888888888889
0 0.3671875 0.9666666666666667 0.0328125 0.06666666666666667
0 0.4953125 0.9777777777777777 0.021875 0.041666666666666664
0 0.434375 0.9583333333333334 0.0359375 0.06666666666666667
1 0.653125 0.9416666666666667 0.034375 0.075
0 0.2890625 0.07222222222222222 0.0265625 0.044444444444444446
1 0.1671875 0.9777777777777777 0.0328125 0.044444444444444446
0 0.9765625 0.85 0.040625 0.06666666666666667
0 0.1890625 0.7527777777777778 0.065625 0.10833333333333334
0 0.028125 0.7138888888888889 0.025 0.05277777777777778
0 0.4671875 0.11388888888888889 0.0171875 0.06388888888888888
1 0.846875 0.9666666666666667 0.028125 0.058333333333333334
0 0.3703125 0.08055555555555556 0.015625 0.05
0 0.3265625 0.9777777777777777 0.025 0.041666666666666664
1 0.890625 0.9694444444444444 0.034375 0.058333333333333334
0 0.5828125 0.044444444444444446 0.015625 0.041666666666666664
1 0.590625 0.9388888888888889 0.0234375 0.044444444444444446
0 0.7171875 0.9888888888888889 0.0390625 0.022222222222222223
1 0.9765625 0.975 0.0453125 0.05
1 0.565625 0.9777777777777777 0.021875 0.041666666666666664
0 0.009375 0.9805555555555555 0.01875 0.03611111111111111
1 0.7828125 0.9333333333333333 0.0390625 0.08055555555555556
0 0.3859375 0.05 0.0203125 0.06666666666666667
0 0.4171875 0.030555555555555555 0.0140625 0.058333333333333334
0 0.44375 0.027777777777777776 0.01875 0.05555555555555555
1 0.465625 0.027777777777777776 0.0109375 0.05277777777777778
0 0.478125 0.027777777777777776 0.0109375 0.05
1 0.49375 0.027777777777777776 0.0078125 0.05277777777777778
1 0.5109375 0.027777777777777776 0.0078125 0.05
1 0.528125 0.030555555555555555 0.009375 0.05277777777777778
1 0.546875 0.025 0.009375 0.05
0 0.565625 0.030555555555555555 0.0125 0.05555555555555555
0 0.6640625 0.025 0.009375 0.05
0 0.6453125 0.027777777777777776 0.0140625 0.05
1 0.6078125 0.26666666666666666 0.0171875 0.08611111111111111
0 0.0515625 0.8555555555555555 0.071875 0.11388888888888889
0 0.071875 0.9555555555555556 0.0640625 0.08333333333333333
1 0.846875 0.9 0.04375 0.058333333333333334
1 0.903125 0.8972222222222223 0.03125 0.06944444444444445
1 0.9390625 0.8944444444444445 0.028125 0.06944444444444445