0 0.3588828101724665 0.4403901659195818 0.02874573821317572 0.08470735966681894
0 0.38258579156121664 0.7479152484685119 0.03187073821317572 0.0848690098236994
0 0.20406699338046225 0.9212606715349185 0.0450257096771284 0.11051561045122185
0 0.26241453266987647 0.6400882404626472 0.05280397642635144 0.16917224409831672
0 0.5264042580627706 0.623651024428455 0.0311815334984459 0.1181215180785925
1 0.3085103209258334 0.18987549033813308 0.017226041356328815 0.061919361895514335
0 0.14076647270229778 0.8939381191169758 0.07097177956950462 0.14791992281737848
1 0.27924677584545093 0.864522464913565 0.02896406203449331 0.09304069300015196
0 0.4730523180303493 0.3788535545594425 0.022568512820281585 0.08716183713083533
0 0.37009848428423425 0.09211721767763545 0.020132717535011224 0.053747678719061616
0 0.4502398643490769 0.5830861837491461 0.02747433664159917 0.09573764569948967
0 0.277547111248705 0.08299700841672555 0.021840766749222952 0.05938405935305752
1 0.6209375463187277 0.1709326968722909 0.013955492142117266 0.056202156183078125
1 0.2933691261359012 0.5077545331814046 0.05291098428423435 0.1136975136212014
1 0.5403425177826803 0.20013560095118765 0.015081344499482086 0.039616314594851806
0 0.3050642973521849 0.3569462823970014 0.03485018899896399 0.0794751044250246
0 0.48312083085063084 0.464560540278352 0.027328787427387445 0.09018209014393411
0 0.2551327638537389 0.24270436808354437 0.021913541356328815 0.06216183713083533
0 0.4587329528527029 0.3100557107425206 0.02296661910658777 0.0427982177648312
0 0.624965766749223 0.026084127035644857 0.01984161910658777 0.04263656760795053
0 0.10370719685684686 0.01688776704516097 0.049165246071058585 0.030283355209427765
0 0.20660118031251162 0.6596646099531654 0.03706766046291676 0.10455592950346483
1 0.4591652923897861 0.20711628280786215 0.018206344499482087 0.039777964751732495
0 0.4525985769216895 0.4939548196249362 0.027110463606069855 0.08184875681060078
0 0.374114011991712 0.6037132792593884 0.030599336641599174 0.09589929585637028
0 0.3475728209258334 0.18785486337712504 0.017662688998963994 0.078586028562181
0 0.24252575599585607 0.2989873493450628 0.02220463978475227 0.07327294824194644
0 0.19439658684648692 0.7910284162931241 0.03899403349844599 0.11852564347079426
1 0.5247517510334573 0.1425296933238172 0.013737168320799497 0.047868822849744794
0 0.4259247609582547 0.43135913199109244 0.02198631596343468 0.06493961490861311
0 0.5446149106678044 0.7812569320558254 0.036232906533975394 0.13225288220280237
1 0.6873245256405631 0.13690166294380152 0.016789393713693812 0.045252695228847666
0 0.7834119292790543 0.46015323632892124 0.020642139784752267 0.07319212316350622
1 0.5146576211735024 0.35444905521933157 0.017735463606069857 0.08136380633995878
0 0.6457491476426351 0.00011773185601073876 0.011810795285270358 0.00023546371202147752
1 0.4197089942090317 0.37326827389308004 0.02162244292790554 0.05105072601972406
1 0.5402312018192456 0.13616588698385845 0.01246576674922295 0.0588991088824156
1 0.5953895827126577 0.09158951749334018 0.010757717535011225 0.0532627282484197
1 0.8809033593866783 0.4189501452760699 0.041245738213175544 0.08535396029434139
0 0.42026557402620535 0.693116843729726 0.034306533498446076 0.11828316823547311
0 0.5889384913135476 0.5620038628790686 0.04353598428423435 0.11321256315055955
1 0.24915686145359278 0.7909773163254908 0.025475188998963994 0.07899015395438261
1 0.43572348428423435 0.08872256438314191 0.015517992142117265 0.056282981261518455
1 0.2830736732831983 0.17450202492651157 0.02198631596343468 0.06493961490861311
1 0.7374059164587727 0.3763052274141392 0.027945217535011224 0.054151804111263226
0 0.7921661910658786 0.37625412744650566 0.03157963978475244 0.07375789871258828
0 0.7442766546719485 0.4593960855121515 0.023912688998963993 0.07890932887594222
1 0.4231294007430071 0.5038238294486356 0.022204639784752445 0.07327294824194629
0 0.2756894363083677 0.967623543005104 0.03688356989237622 0.03797008791523871
0 0.5044777923897861 0.20477235553309284 0.026673815963434676 0.06518209014393403
1 0.5798373573197636 0.09517554605552118 0.012611315963434677 0.06445466443797115
1 0.33354455417661044 0.1301681306713143 0.02198631596343468 0.06493961490861307
1 0.3181421861034799 0.25891580939037595 0.021695217535011312 0.053828503797502
1 0.30971325599585603 0.29551187097212894 0.015445217535011314 0.05350520348374062
1 0.36356169396136273 0.2009355014816107 0.010321069892376222 0.03659606158175303
1 0.3901241939613628 0.19956147514812525 0.010321069892376222 0.03659606158175311
1 0.3733733416039978 0.21711721767763545 0.01580909057054054 0.06739409237262958
1 0.36650691149637404 0.25363245418094815 0.015663541356328813 0.061838536817074026
1 0.38667386228216233 0.24702617260566842 0.017080492142117088 0.05636380633995878
1 0.38827490363849115 0.30813728371677956 0.033142139784752264 0.07383872379102867
1 0.42202916542531543 0.2229449735793188 0.018570217535011223 0.053666853640621306
1 0.4111644400324213 0.22628852690617882 0.01337329528527036 0.03397993396085594
1 0.4185788337461151 0.270409671036862 0.01515411910658777 0.04239409237262958
0 0.40134848428423436 0.090500716108829 0.02198631596343468 0.06493961490861307
0 0.4606507096771285 0.08465158535031898 0.020132717535011224 0.05374767871906165
0 0.4981849429279054 0.024891287763309764 0.020059942927905538 0.04978257552661953
0 0.34990160835322087 0.27674375226601394 0.024892992142117175 0.05676793173216039
0 0.35108754259467395 0.9192186697170838 0.0500770827126578 0.12464697457543189
1 0.23713205045255678 0.8694825198092316 0.036194365177646404 0.07122259617013166
1 0.2258349855225794 0.97576550107075 0.025727746071058634 0.029070979032822682
0 0.35037679735218485 0.35460235512223204 0.023985463606069856 0.08168710665372009
1 0.43721751778268025 0.20547005612824892 0.016279971463952592 0.025808250784403224
1 0.44463191149637404 0.24959120025893206 0.01297518899896417 0.07834355332686001
1 0.46225605913900925 0.2653687910627552 0.013664393713693813 0.045091045071967054
1 0.4846404813887502 0.28368168440903513 0.01446491439185813 0.07564660062752261
1 0.5022646290313852 0.29945927521285826 0.01424659057054054 0.06731326729418928
1 0.5007363622821623 0.2411259418795249 0.019696069892376045 0.037081012052394946
1 0.5288613622821623 0.23967109046759913 0.014717471463952591 0.02572742570596292
0 0.5381678957806083 0.35601445682050453 0.025547963606069857 0.08176793173216039
1 0.564332289494302 0.39916570000990376 0.02249573821317572 0.0843840593530574
1 0.5269735306029618 0.287054962846702 0.015517992142117265 0.05628298126151847
1 0.5624743829603267 0.2685293193759079 0.013955492142117087 0.05620215618307817
1 0.582641333746115 0.2619230378006282 0.012975188998963993 0.07834355332686001
0 0.5544821004953381 0.32179204762432767 0.020642139784752267 0.07319212316350605
0 0.5820205955329393 0.17850887938885454 0.01424659057054054 0.06731326729418928
1 0.554041144747151 0.18551928635633586 0.015736315963434677 0.0646163145948518
1 0.5922303494618808 0.1501653260619945 0.010393844499482085 0.03937383935953081
1 0.6010231526050338 0.12745815336913033 0.010393844499482085 0.03937383935953081
1 0.6169435591390091 0.2573671082971633 0.011194365177646404 0.06992939491508636
1 0.6330052067816443 0.2732255241794268 0.014173815963434677 0.0645354895164115
1 0.6224701211735024 0.34887212480694935 0.016100188998963993 0.0785052034837407
1 0.637260367244561 0.3759224768787642 0.011412688998963994 0.07826272824841977
1 0.6572089942090317 0.36098286197015117 0.012538541356328991 0.06167688666019334
1 0.6771233879227255 0.40445740547331166 0.01490156203449331 0.09231326729418912
1 0.7000514656729845 0.3838005848522624 0.016318512820281583 0.08683853681707394
1 0.7183648180303492 0.3661640172443119 0.014319365177646403 0.07009104507196705
1 0.6872175177826803 0.19253804357779739 0.018642992142117266 0.05644463141839909
1 0.6658519400324213 0.21311403912040633 0.012320217535011224 0.05334355332686
1 0.6516438908182096 0.20828590927081367 0.013300520678164318 0.031202156183078165
1 0.6395077638537389 0.22282139878722515 0.015299668320799497 0.04794964792818514
1 0.654006911496374 0.23876063974792894 0.010393844499482085 0.039373839359530885
1 0.6775171861034799 0.24032604134910188 0.013664393713693813 0.045091045071967054
1 0.72282968610348 0.2379821140743325 0.0168621683207995 0.04803047300662545
1 0.6962671861034799 0.23935614040781802 0.01380994292790554 0.05064660062752261
1 0.6643964478903042 0.15755848356485078 0.02035104135632899 0.06208101205239499
1 0.6456806811410811 0.10011422609436099 0.018642992142117266 0.05644463141839909
0 0.6276926604629167 0.07044774640164897 0.013446069892376044 0.03675771173863368
0 0.6240240049623986 0.10957911052585882 0.018424668320799496 0.04811129808506575
0 0.6061858416039978 0.20507428099002747 0.015081344499482086 0.03961631459485172
0 0.6536815798171736 0.2860636870485915 0.010612168320799498 0.04770717269286414
0 0.6715968258882322 0.31295238896352573 0.018642992142117266 0.05644463141839909
0 0.7069521290313853 0.28887118993717603 0.020569365177646404 0.07041434538572829
0 0.7200300177826803 0.1908407169305506 0.02162244292790554 0.05105072601972422
0 0.7405266083532209 0.2565374826559334 0.019914393713693634 0.04541434538572828
0 0.7468879243166556 0.32018389630950134 0.025111315963434678 0.06510126506549373
0 0.7776285020669146 0.29912295029625047 0.023694365177646403 0.07057599554260897
0 0.7532791654253155 0.2058100569499705 0.020205492142117264 0.05652545649683939
0 0.7820933701400452 0.17094104712627106 0.017080492142117088 0.05636380633995878
0 0.665517992142117 0.021221177971976826 0.016716619106587772 0.04244235594395365
0 0.6802354636060699 0.045477471512455805 0.019696069892376045 0.03708101205239497
0 0.6651926604629168 0.06850794451908124 0.021404119106587773 0.04271739268639085
0 0.7584717795695045 0.10540593155776894 0.014790246071058633 0.028505203483740693
1 0.6724615049623986 0.10707353309420885 0.01515411910658777 0.04239409237262958
1 0.7345633986760924 0.14836579947948075 0.01380994292790554 0.05064660062752257
1 0.7484803494618808 0.1420828182179623 0.014101041356328992 0.06175771173863368
1 0.7692680384608448 0.2188906950544562 0.009486315963434678 0.0642930142810905
1 0.7959418544242794 0.2814863826882999 0.015954639784752443 0.07294964792818506
1 0.8161088052100677 0.2748801011130202 0.017226041356328638 0.061919361895514335
1 0.8228339942090317 0.352415403655477 0.01915241439185813 0.0758890758628436
1 0.84143844499482 0.34588994715863763 0.016172963606069856 0.0812829812615184
0 0.41974322745980874 0.3148541154813064 0.01984161910658777 0.0426365676079505
1 0.4613827638537389 0.23203545772942186 0.013009422249741043 0.020091045071967056