0 0.32979099971765136 0.5277777777777778 0.04978716837349921 0.08888888888888889
0 0.12009821032569963 0.375 0.0518046946818584 0.10277777777777777
0 0.4616457573983975 0.9277777777777778 0.041231215728545934 0.11388888888888889
0 0.07493835779368574 0.18888888888888888 0.036741136803468064 0.07222222222222222
0 0.23341871572854583 0.11388888888888889 0.03334312101845249 0.06388888888888888
0 0.15506255745486733 0.8222222222222222 0.061634720990217676 0.11666666666666667
0 0.3715836575678068 0.6111111111111112 0.03737817363517095 0.09166666666666666
0 0.6947356473268117 0.07777777777777778 0.020752115756780754 0.06111111111111111
0 0.09471586263183457 0.9833333333333333 0.02452956314006218 0.03333333333333333
1 0.6812302153050227 0.9055555555555556 0.032144642065139804 0.075
0 0.41092208944842146 0.04722222222222222 0.017445105233436918 0.05555555555555555
0 0.07209886803468077 0.7222222222222222 0.07404371572854582 0.11388888888888889
0 0.9051858418674958 0.4444444444444444 0.040518584186749605 0.044444444444444446
0 0.4037422521367257 0.925 0.040032736775233245 0.125
1 0.6658628205384598 0.9611111111111111 0.0291106473268119 0.07777777777777778
0 0.2825042889684287 0.9444444444444444 0.053367194681858444 0.10277777777777777
1 0.8085207573983976 0.9277777777777778 0.03866765785015538 0.08333333333333333
1 0.5865547521367257 0.925 0.02920165258848364 0.08055555555555556
0 0.3176983363234753 0.9694444444444444 0.04088260523343701 0.05555555555555555
0 0.2146812101845253 0.6388888888888888 0.07965667889684287 0.09444444444444444
1 0.8698376889966635 0.8916666666666667 0.03178062101845249 0.06388888888888888
0 0.3938101841585147 0.09722222222222222 0.01780912628012441 0.06666666666666667
1 0.8227806784733198 0.8861111111111111 0.02360409997176518 0.05277777777777778
0 0.35587056840173403 0.03611111111111111 0.014411110495108837 0.058333333333333334
0 0.3563968152767879 0.9583333333333334 0.03545165258848364 0.08055555555555556
0 0.9716267656085475 0.7277777777777777 0.05674646878290481 0.10277777777777777
0 0.5268003205384598 0.9611111111111111 0.03683214206513981 0.075
1 0.21117532053845975 0.9611111111111111 0.04464464206513998 0.075
1 0.6178957573983975 0.9277777777777778 0.022117194681858264 0.10277777777777777
1 0.5247115736634058 0.03888888888888889 0.011013094710093263 0.05
0 0.07407016268830431 0.8777777777777778 0.06392526308359243 0.1388888888888889
0 0.5044438472703421 0.18333333333333332 0.021116136803468067 0.07222222222222222
0 0.37744173151356136 0.12222222222222222 0.016337631541796238 0.06944444444444445
0 0.665245568401734 0.03611111111111111 0.01110409997176518 0.05277777777777778
1 0.9173343152767879 0.9583333333333334 0.04308214206513981 0.075
1 0.6240745368317029 0.019444444444444445 0.009086573663405772 0.03888888888888889
1 0.9191096469032887 0.8694444444444445 0.02838260523343692 0.05555555555555555
1 0.9509966837349918 0.8888888888888888 0.035633663111827474 0.08611111111111111
1 0.6333585315700312 0.016666666666666666 0.010467063140062294 0.03333333333333333
1 0.4363015210466874 0.011111111111111112 0.010012036831702886 0.019444444444444445
1 0.8736753205384599 0.9611111111111111 0.032144642065139804 0.075
0 0.9822118024755442 0.6111111111111112 0.035576395048911635 0.05555555555555555
1 0.4917170631400622 0.03333333333333333 0.00954159997176518 0.05277777777777778
0 0.11933788908136815 0.7333333333333333 0.05244173151356137 0.12222222222222222
1 0.39429603157003107 0.016666666666666666 0.007251057878390377 0.030555555555555555
0 0.47912605787839035 0.030555555555555555 0.012939615756780754 0.06111111111111111
1 0.2691140210466874 0.011111111111111112 0.011574536831702975 0.019444444444444445
1 0.6176564788121383 0.25277777777777777 0.0166106473268119 0.07777777777777778
0 0.5876665999717652 0.05277777777777778 0.01615562101845249 0.06388888888888888
1 0.46653505261671846 0.027777777777777776 0.00954159997176518 0.05277777777777778
1 0.2159890210466874 0.011111111111111112 0.014790542093374803 0.022222222222222223
0 0.5701150789250777 0.041666666666666664 0.011377115756780753 0.06111111111111111
0 0.4431885578783904 0.030555555555555555 0.015973610495108835 0.058333333333333334
1 0.5104670631400622 0.03333333333333333 0.01110409997176518 0.05277777777777778
0 0.6832675263083592 0.013888888888888888 0.02122255261671846 0.027777777777777776
1 0.3851030420933748 0.022222222222222223 0.01074007892507769 0.041666666666666664
0 0.29934755261671847 0.027777777777777776 0.01588260523343692 0.05555555555555555
1 0.4019265210466874 0.011111111111111112 0.010103042093374804 0.022222222222222223
1 0.5462225526167185 0.027777777777777776 0.01266659997176518 0.05277777777777778
0 0.5349210315700311 0.016666666666666666 0.010376057878390198 0.030555555555555555
0 0.6461315473550466 0.025 0.015700594710093264 0.05
1 0.6081765210466874 0.011111111111111112 0.008540542093374803 0.022222222222222223
0 0.5757280420933748 0.022222222222222223 0.01074007892507769 0.041666666666666664
1 0.37389252630835923 0.013888888888888888 0.01184755261671846 0.027777777777777776