0 0.20951608933773186 0.30438881454516925 0.03086956677218975 0.07591280396368529
0 0.2862938865138803 0.49207289068161103 0.03578438730530316 0.09038441628543663
1 0.297288873977468 0.29859965195860416 0.021449102665567033 0.0719695793201823
0 0.3482101794668866 0.05720466406500784 0.027017141066226814 0.031079877230665767
0 0.7707598147271256 0.5467320898551894 0.054397994985435 0.08438197668355371
0 0.33157764278208646 0.595122347232459 0.031096887305303154 0.0898016928525741
0 0.23865069371915854 0.8201617131191812 0.05773359514371963 0.1929095511611744
0 0.3373897220906885 0.7183157751761189 0.03601170783841656 0.10427330517432583
1 0.2890839173926927 0.41726713182589853 0.02586381802583091 0.05588563608637824
0 0.7269596536026391 0.2573772810489427 0.022829746239076344 0.061052709353358776
0 0.4177424633151999 0.5919167212793843 0.02756271034569906 0.06441321056399908
0 0.11536630641385544 0.891122014975865 0.06445495658477532 0.12721409021594543
0 0.613488186988734 0.20708656640484194 0.014789925705962936 0.046192614743032184
0 0.6941304332278102 0.15865953143017258 0.03202288981258548 0.0511070451079728
0 0.23151545830063497 0.490830006187103 0.027790030878812468 0.07830209945288813
1 0.2587933606496328 0.6417428101507884 0.043915136051661904 0.11080006645131878
0 0.4335372963847256 0.7748031705663903 0.037574207838416564 0.10446754631861319
0 0.33891408432316694 0.2425388105989688 0.01836956677218975 0.07435887480938498
1 0.5703292203748289 0.16553670325368003 0.015017246239076344 0.060081503631921114
1 0.3258063305622433 0.18245730696704776 0.021449102665567033 0.0719695793201823
0 0.18553771707612357 0.6215023652581634 0.04529577962517113 0.09988319648449533
1 0.25978887397746797 0.29393786449570347 0.021358174452321597 0.06641402376462674
1 0.42363607680131954 0.1361669245795412 0.02269335391920819 0.0527193760200254
1 0.6064078097125607 0.4483647507829335 0.01841503087881229 0.07713665258716276
0 0.3382033789920329 0.3816219406321453 0.02944345909205772 0.08405189615273104
0 0.5295056435735093 0.07695885902458341 0.025318248746358664 0.022552302753044904
1 0.4794648764847504 0.36021475472913395 0.018324102665567034 0.0715810970316072
0 0.32753133729266787 0.8423445694546814 0.03243206677218975 0.07610704510797303
1 0.42007315610992163 0.2581949056574759 0.016534282132453625 0.0574979669984308
1 0.6612437253893938 0.254774708544422 0.020948997492717503 0.04141402376462682
1 0.9098844992085772 0.6558804595077337 0.04364235141192587 0.0941333997846521
1 0.8342600250728246 0.49339062451557947 0.022647889812585476 0.04994159824224766
1 0.5716069123781278 0.37445276001987593 0.017960389812585475 0.04935887480938498
1 0.4098557554767833 0.6911397567022342 0.018596887305303157 0.08824776369827386
0 0.4495834967012947 0.5596904330540238 0.023284387305303154 0.08883048713113656
1 0.5923860768013196 0.15714496816259432 0.009920569279472246 0.034498780199058506
1 0.5721237379258061 0.4385358900530524 0.015153638558944315 0.06841483696525441
1 0.616299635260239 0.5136133276818351 0.016352425705962938 0.04638685588731985
0 0.7615091836900287 0.7292884586113726 0.02962531551854859 0.09516300726384215
0 0.7042041152019793 0.21279699721796308 0.021130853919208194 0.052525134875737935
1 0.6184698890211628 0.5723351433037436 0.021403638558944494 0.0691918015424046
0 0.45263428886287815 0.6602731564868863 0.025074207838416563 0.10291361716431295
0 0.37508360187414425 0.5198113025726668 0.020341243731793846 0.09955311595367265
0 0.38120190657214004 0.815615435027124 0.03660274122451135 0.14038441628543663
1 0.46061925125364117 0.07674558200926547 0.016216033386094963 0.0380535225539864
1 0.5244424073635627 0.2906535067691848 0.015017246239076344 0.06008150363192107
1 0.4478224198999752 0.47596861743211544 0.021449102665567033 0.07196957932018222
1 0.7372198890211628 0.5870974702695957 0.01961381802583091 0.0551086715092282
0 0.6154598639483381 0.18228080754912948 0.009647784639736123 0.0178321135323918
1 0.623987766297336 0.3308627177813644 0.01492631802583091 0.054525948076365516
1 0.6771749507787875 0.4293278244980946 0.016261497492717502 0.04083130033176414
0 0.5230905075218474 0.18193169114727636 0.013454746239076342 0.05988726248763356
0 0.26213628714701853 0.05485473446252709 0.017914925705962936 0.04658109703160726
0 0.4132441460807918 0.10147390323619516 0.024210389812585477 0.05013583938653513
0 0.6248181435735093 0.08880756882612267 0.028443248746358663 0.022940785041619963
0 0.6193122896543011 0.1382248453932601 0.016306961599340218 0.043609078109541954
0 0.6468917203748289 0.17505451932376895 0.012028638558944493 0.06802635467667939
0 0.6448578589337732 0.10799937036852722 0.013272889812585653 0.048776151376522456
0 0.6602100742940371 0.12660844847806918 0.011801318025830908 0.0541374657877905
0 0.6744544307205278 0.11724550766554584 0.011755853919208192 0.05135968801001272
1 0.35334029717614845 0.22206475867533437 0.014880853919208192 0.05174817029858774
1 0.36873797664303504 0.23789605900709856 0.013272889812585653 0.048776151376522456
1 0.3588628714701855 0.2672861676969289 0.019886602665567032 0.07177533817589479
1 0.38478887397746797 0.30947715603870585 0.029079746239076342 0.06182967393050881
1 0.38463576128277105 0.22317180378330717 0.017596676959604096 0.027136652587162836
1 0.2929818072052782 0.37043339189225133 0.022602425705962936 0.04716382046446989
1 0.40147626880461845 0.3421693641814242 0.009784176959604096 0.026165446865725132
1 0.4018567020324288 0.41458582754793394 0.024710494985435004 0.08069139494209072
1 0.4142490534443546 0.32705662666905777 0.017778533386094964 0.03824776369827395
1 0.40901598416488233 0.3598072365695285 0.01768760517284953 0.03269220814271831
1 0.4322716277383917 0.3738319648449525 0.011346676959604096 0.026359688010012722
1 0.4481694123781278 0.3591077096211612 0.021358174452321778 0.06641402376462682
1 0.4411010584589195 0.40833074504401107 0.014880853919208192 0.05174817029858774
1 0.4598510584589195 0.41066163877546147 0.01961381802583091 0.0551086715092282
1 0.48193665861720403 0.30485344031786593 0.014517141066226813 0.029525948076365518
1 0.48997647915031745 0.29193575715041475 0.014517141066226813 0.029525948076365518
0 0.5041753714701855 0.28535059411566915 0.019841138558944316 0.06899756039811701
0 0.516873948271505 0.3704320977475902 0.013318353919208192 0.05155392915430023
0 0.4951975250728246 0.45124029620518563 0.019704746239076344 0.060664227064783756
0 0.5481406686463339 0.46895560622207283 0.019841138558944316 0.0689975603981171
0 0.420850742940371 0.49766651797922734 0.027790030878812287 0.07830209945288796
0 0.48633935062050304 0.514157979372637 0.02163095909205772 0.08308069043129333
0 0.5281176736608989 0.5444024902684002 0.02154003087881229 0.07752513487573777
0 0.5065321786754637 0.6196551331704401 0.035920779625171304 0.09871774961877011
0 0.47684467867546376 0.615964551428977 0.026454851411925873 0.09199674719748935
0 0.33834916534762866 0.9461237244412688 0.028290136051661818 0.10775255111746244
0 0.3873489550019297 0.988217592210902 0.02461956677218975 0.023564815578196077
0 0.2866048089211379 0.9392037219079429 0.03669366943775678 0.12159255618411433
0 0.16979304513108434 0.7225319727373533 0.031278743731793845 0.10091280396368536
0 0.2929122963847256 0.7573214675805124 0.02392088479802066 0.12771937602002545
1 0.21823524214894818 0.9997079912112382 0.031704641066226814 0.0005840175775236705
1 0.18250834230723276 0.9022521619580064 0.04961956677218975 0.07824369769513548
1 0.17351377553504305 0.967433466235971 0.041807066772189705 0.06513306752805792
0 0.23113502507282463 0.4184135428205933 0.0276081744523216 0.06719098834177686
0 0.339600742940371 0.48756597847627586 0.030960494985435006 0.08146835951924077
1 0.4047256377675216 0.5262796620919076 0.024710494985435004 0.08069139494209057
1 0.5477482120615587 0.5885942918108048 0.026591243731793845 0.10033008053082268
0 0.9348891962264411 0.9456821523603077 0.062392351411925874 0.09646429351610253
0 0.8619805451310842 0.8085807996567288 0.04735838479802083 0.13063299318433855
0 0.8456856068887092 0.6562499059252783 0.06726170783841638 0.10815812806007633
0 0.7382033789920329 0.4313476735697527 0.026045674452321598 0.06699674719748935
0 0.6737938865138803 0.5402446944649182 0.027699102665567032 0.07274654389733241
0 0.6405100250728246 0.46930472262392586 0.021585494985435005 0.08030291265351555
0 0.7138853405913731 0.38657314859448555 0.018460494985435005 0.07991443036494053
0 0.7379593380840906 0.3505978768699096 0.026363923198680438 0.0864411916419338
0 0.8105330200582598 0.41250498842920125 0.03050585391920819 0.05369058174146314
0 0.7879593380840906 0.3568135934871105 0.018096782132453627 0.05769220814271831
0 0.7149764791503175 0.3199064819278189 0.01961381802583091 0.05510867150922812
0 0.6908857612827711 0.2612430680636629 0.021039925705962758 0.04696957932018238
0 0.6086355509370721 0.31225363967182246 0.018142246239076343 0.06046998592049609
0 0.6142777971761484 0.2545030297713517 0.017823997492717503 0.041025541476051725
0 0.5583460459225071 0.22806590413255623 0.021312710345699058 0.06363624598684897
0 0.6906009532860701 0.4699648836855712 0.02461956677218957 0.07513583938653502
1 0.7120547529695009 0.6897394086608384 0.02663670783841656 0.10310785830860046
1 0.8473223147271256 0.5562499059252783 0.01676160266556721 0.07138685588731986
1 0.9046179891794474 0.4993536982307405 0.021221782132453626 0.05808069043129349
1 0.867725742940371 0.5532194852454606 0.012255959092057723 0.08191524356556827
1 0.8879927788337483 0.5585223978989763 0.01506271034569906 0.06285928140969885
1 0.7970782738191835 0.46928439260823435 0.02154003087881229 0.07752513487573777
1 0.8225329148854102 0.44461447313905705 0.019659282132453625 0.05788644928700598
1 0.7203506377675215 0.5655163732379885 0.02011392319868044 0.08566422706478376
1 0.7060153531277855 0.5804348696060675 0.019977530878812287 0.07733089373145043
1 0.6836402479549359 0.6082710491415976 0.023466243731793845 0.09994159824224766
1 0.6438336018741442 0.5532207793901218 0.023329851411925874 0.09160826490891433
1 0.6600329148854102 0.42441339413315404 0.012074102665567032 0.07080413245445717
1 0.6496409841648824 0.389720372789808 0.013454746239076342 0.05988726248763372
1 0.518453168646334 0.4652650244806097 0.01698892319868044 0.08527574477620874
1 0.5444988430986555 0.40448399390032125 0.018142246239076343 0.06046998592049609
1 0.5272658789920329 0.40512511909093624 0.021085389812585655 0.04974735709796
1 0.5343796970178639 0.3531243058903086 0.01336381802583091 0.054331706932078006
1 0.5549649816575999 0.33898277409937977 0.010284282132453627 0.05672100242128077
1 0.5443911945105814 0.3154008638671449 0.01143760517284953 0.031915243565568276
1 0.5497151920032989 0.27709469841111856 0.014835389812585476 0.04897039252080996
0 0.5887776920032989 0.2819507270183068 0.019522889812585476 0.049553115953672566
1 0.5887155075218473 0.19008981920735257 0.011255748746358662 0.020804132454457166
1 0.5849540100291298 0.22859022580766644 0.013272889812585476 0.048776151376522456
1 0.5786298021907134 0.32800750237480386 0.018233174452321598 0.06602554147605165
1 0.6574200434152246 0.20141420733378163 0.011846782132453626 0.05691524356556828
1 0.6712552228821114 0.2170512665212583 0.01350021034569906 0.06266504026541134
1 0.6483800125364123 0.27544300161234403 0.013045569279472247 0.03488726248763356
1 0.6508685150436948 0.31472037278980797 0.01350021034569906 0.06266504026541134
1 0.6726071227238267 0.3257730821431667 0.01193771034569906 0.062470799121123834
1 0.6914480509370721 0.3225484203190615 0.013454746239076342 0.05988726248763356
1 0.6858058046979958 0.38029903021953226 0.01805131802583091 0.054914430364940536
1 0.632362555951637 0.39313927575820073 0.015153638558944494 0.06841483696525441
1 0.7556469432569402 0.3221789739015168 0.014835389812585652 0.04897039252080996
1 0.7697094432569401 0.3239271442001046 0.013409282132453626 0.05710948470985579
1 0.7765217329112412 0.3860094610326534 0.013636602665567033 0.07099837359874467
0 0.7610331252311092 0.37573371625644475 0.016306961599340218 0.04360907810954207
1 0.38248222789667624 0.2590886737501307 0.013091033386094875 0.03766504026541134
0 0.8032039048562805 0.286339541563476 0.020948997492717326 0.04141402376462682