1 0.24108749627594633 0.7310385226856788 0.03506851282028158 0.0864504845167504
1 0.23069795988201625 0.8117233633481444 0.03684933664159917 0.09479997848844732
1 0.2350258949520388 0.9172627582653362 0.03706766046291676 0.10313331182178066
1 0.2716183664159915 0.9418910635829696 0.044516287427387446 0.0893252261247107
0 0.06596756410140789 0.4299899332128238 0.04131851282028158 0.08651512707020524
1 0.8548632059530747 0.83305304641878 0.03677656203449331 0.09202220071066955
1 0.9065027886657326 0.9547742888517257 0.037756865177646405 0.06981613912681092
1 0.4305181774170276 0.862448740053724 0.030599336641598994 0.09473533593499231
1 0.6451286410230974 0.9408064487918076 0.03223461124870504 0.09752927435113369
0 0.6695677531003719 0.5015458652205521 0.0479323858558109 0.10046865851254914
0 0.16153262117350248 0.37898797363427034 0.035141287427387445 0.08922826229452802
1 0.6121062018192456 0.15760240056538435 0.01871576674922295 0.05851110035533473
0 0.020941854424279458 0.3220929371153121 0.023767139784752294 0.07244847115931492
1 0.6372732915612167 0.7602832145129795 0.02874573821317572 0.08360806418551729
0 0.32487168320799575 0.46899009454946927 0.027256012820281582 0.08636968132493147
0 0.21709772456432463 0.5312324503460439 0.03485018899896399 0.07811715118341675
0 0.4645848465663966 0.3730750320139222 0.022131865177646405 0.06965453274317339
1 0.8861517473094036 0.8938571054009796 0.043172111248705035 0.0976423988196801
0 0.7441909557481869 0.12845096852668658 0.023330492142117264 0.05578180449264825
0 0.8307192688161376 0.3887378870812457 0.04102741439185813 0.07540401595909414
1 0.5361859805601806 0.8391275944227659 0.03008991439185813 0.07529089149054786
1 0.5849488122393811 0.7913882317729032 0.02540241439185813 0.07524240957545646
0 0.6589469685684686 0.21546707538616852 0.023912688998963993 0.07800402671487047
1 0.6130738122393811 0.7910973402823553 0.027110463606069855 0.0808141257693756
1 0.8097304884180636 0.7807277665151875 0.02852741439185813 0.07527473085218427
0 0.7974658130679506 0.2529338280990461 0.024892992142117265 0.055797965131012005
0 0.42410539578060835 0.37905076416693567 0.028818512820281583 0.08638584196329507
1 0.5929753279551468 0.6801639961932456 0.024203787427387446 0.08911513782598174
1 0.8368366439185817 0.7415479861357509 0.030017139784752088 0.07251311371277008
1 0.9979902557887137 0.9286915260813533 0.004019488422572692 0.09749695307440617
0 0.5818707382131757 0.07733773650037658 0.013882717535011224 0.0529070628846879
0 0.7176928457378271 0.9067135654553773 0.02976458271265763 0.12249695307440618
1 0.6247474429279054 0.04355190529285783 0.01515411910658777 0.04181211241194054
1 0.4679839441662505 0.9204103787046907 0.033797111248705033 0.09754543498949728
0 0.20775264970954974 0.35350315448335745 0.030162688998963995 0.07806866926832548
1 0.40428531720177985 0.934961853766494 0.03550516046291676 0.10311715118341706
0 0.7318750463187276 0.19526308093862713 0.025111315963434678 0.06413129846434534
1 0.8229881596343471 0.6305499994931862 0.03826628742738762 0.08926058357125537
1 0.5113700711307212 0.9060689919416164 0.03521406203449331 0.09200604007230595
0 0.7849315798171735 0.31141260717765334 0.02979881596343468 0.06417978037943668
0 0.40445217535011296 0.5237376181868366 0.028672963606069857 0.08083028640773951
0 0.9743024106678047 0.7984753439314368 0.045025709677128135 0.10876967056915482
0 0.2570249036384912 0.32520823627793916 0.025111315963434678 0.06413129846434534
1 0.38974762820281583 0.8573133610956264 0.033360463606069854 0.08087876832283093
1 0.6330909057054057 0.6602993751513433 0.027037688998963992 0.07803634799159798
1 0.5066483378799442 0.9644669678284048 0.03263271753501122 0.05310099054505284
0 0.676459800247669 0.1680509255035811 0.015881865177646403 0.06958989018971834
0 0.7636344685684686 0.21438431261579624 0.029871590570540542 0.06695755815721438
1 0.9232835661683225 0.7601035954701884 0.033360463606069854 0.08087876832283093
0 0.6873802994190995 0.7041943578914197 0.030599336641599174 0.09473533593499216
0 0.7963272679875681 0.9253499779816334 0.04077485731976367 0.12538785532073007
1 0.5466097502048878 0.700093259788603 0.027110463606069855 0.08081412576937591
0 0.4961173287837163 0.14490939891541407 0.023548815963434677 0.06411513782598159
0 0.2278082845319033 0.28383246110182025 0.033142139784752264 0.07254543498949752
1 0.7550044470617346 0.7201661171084447 0.03790241439185813 0.07537169468236647
0 0.3456464478903042 0.18814364750336593 0.026455492142117176 0.05581412576937576
1 0.8718666153825343 0.7661924520917482 0.02689213978475209 0.07248079243604227
0 0.6746404350700226 0.09860648105913668 0.021840766749222952 0.058543421632062276
1 0.9272861695591447 0.9128813732479661 0.03782963978475244 0.07259391690458869
0 0.8402740512811263 0.33584698483492154 0.03568494292790554 0.05035553404400288
0 0.5821276033908221 0.1467983415831848 0.014392139784752445 0.07235150732913233
0 0.3473461124870501 0.9688931307192866 0.048330492142117175 0.05604037470646846
1 0.9652484342414531 0.6318571591798614 0.03655823821317554 0.08368886737733622
0 0.43223461124870505 0.09277804667218689 0.017444365177646404 0.06960605082808209
0 0.3687243829603267 0.29348911476019257 0.020787688998963993 0.07797170543814297
0 0.501695356491194 0.656101313218344 0.0291823858558109 0.10027473085218395
0 0.5884419933804622 0.9247215651062365 0.037577082712657625 0.12257775626622511
1 0.5503296397847522 0.06654983815654077 0.021913541356328992 0.06132119940984006
0 0.34826633374611504 0.28814364750336596 0.023912688998963993 0.07800402671487047
1 0.27118579528527026 0.03053754289640202 0.011738020678164495 0.030668680024101905
1 0.8649231025622527 0.6801298228957283 0.0330693651776464 0.06976765721171982
1 0.4642465905705405 0.06188311771099228 0.01402826674922295 0.058462618440243454
1 0.5255479636060698 0.07514174170369432 0.01537244292790536 0.050145445745273895
0 0.4855779350700226 0.10056191830115221 0.015226893713693812 0.04458989018971834
0 0.6742380206781645 0.025724450695184753 0.017080492142117265 0.051448901390369506
0 0.40331770678164436 0.3014669140495231 0.028381865177646404 0.0697191752966284
0 0.40373304549015804 0.7349133718514027 0.04629711124870504 0.09767472009640762
0 0.2896832382131757 0.0803597758744006 0.026455492142117176 0.0558141257693758
0 0.3216952175350113 0.04946484691320599 0.01715326674922295 0.05849493971697098
0 0.2050513730355293 0.012903089948699233 0.028852746071058633 0.025806179897398467
1 0.5959674714639528 0.021949679508839384 0.012247442927905538 0.04389935901767877
1 0.5408349392038518 0.7779518407581997 0.025184090570540718 0.06690907624212311
1 0.3635916191065879 0.03791739856627322 0.01515411910658786 0.04181211241194054
0 0.46640851984959486 0.5619962421795386 0.03074488585581072 0.1002908914905477
1 0.3810702175350113 0.048850742655382924 0.013955492142117087 0.05568484066246568
1 0.3934246683207996 0.04316590199291725 0.00912244292790545 0.050080803191818825
1 0.4060702175350112 0.04859217244156268 0.010903266749222951 0.05843029716351593
1 0.41529966832079956 0.04293965305582454 0.010976041356328814 0.061208074941293704
1 0.4371746683207995 0.04271340411873183 0.0215496683207995 0.04743231052095117
0 0.4715496683207996 0.04235787007472901 0.010903266749222951 0.05843029716351593
0 0.4810702175350112 0.047816461800101975 0.011738020678164318 0.030668680024101905
0 0.532268844499482 0.03339427184520884 0.015517992142117087 0.05570100130082944
0 0.5650085698923761 0.031147143989436694 0.015736315963434677 0.06229428797887339
0 0.6606849429279054 0.04318021061049124 0.012247442927905538 0.05011312446854635
0 0.6613013730355293 0.009118386422382206 0.014644696856846906 0.018236772844764413
1 0.6386643937136938 0.03785090399202839 0.013955492142117087 0.05568484066246568
1 0.5787071968568469 0.01857038095720881 0.01359161910658777 0.03714076191441762
1 0.5097046397847522 0.06697001475399865 0.01246576674922295 0.0584464578018797
1 0.49080909057054056 0.061608386858808276 0.010466619106587772 0.041763630496849266
0 0.6190410984284235 0.007265342185732522 0.019259422249741042 0.014530684371465045
0 0.6894991476426352 0.012457283378103368 0.019550520678164318 0.024914566756206735
1 0.9938067929065149 0.6453743533863837 0.012386414186970285 0.05027473085218396
1 0.9802173278527029 0.6983622194628905 0.03956534429459424 0.08376967056915513
0 0.901695356491194 0.6519641897972203 0.04785961124870504 0.09769088073477138
1 0.7750986232404171 0.7116226954763822 0.025693512820281584 0.08635352068656756
1 0.7862159057054058 0.6587156325916943 0.021840766749222952 0.058543421632062276
0 0.4484075748547749 0.17318815648246857 0.020351041356328814 0.061305038771476306
0 0.3242423287837163 0.1466870691354282 0.017444365177646404 0.06960605082808209
0 0.3076712588913401 0.11073756440795475 0.01893409057054054 0.0668444336886681