0 0.090625 0.9083333333333333 0.04375 0.12222222222222222
0 0.1515625 0.8916666666666667 0.053125 0.12222222222222222
0 0.440625 0.6222222222222222 0.04375 0.11944444444444445
1 0.6 0.8583333333333333 0.0609375 0.16666666666666666
1 0.775 0.8111111111111111 0.04375 0.1111111111111111
0 0.653125 0.32222222222222224 0.034375 0.09722222222222222
1 0.4359375 0.25 0.0203125 0.06944444444444445
1 0.525 0.027777777777777776 0.0140625 0.05277777777777778
1 0.440625 0.1 0.01875 0.06111111111111111
1 0.425 0.08055555555555556 0.0171875 0.07222222222222222
1 0.390625 0.10833333333333334 0.0234375 0.06944444444444445
1 0.36875 0.10555555555555556 0.0140625 0.08611111111111111
1 0.35 0.1 0.0109375 0.06944444444444445
1 0.303125 0.08055555555555556 0.0171875 0.06666666666666667