0 0.09230359114464654 0.921694771648865 0.0708306504675382 0.15661045670226992
0 0.1486263140172835 0.9050622548309335 0.06610678903121973 0.15061687551671588
0 0.4047763200674077 0.9426409923458787 0.04259656615858276 0.1147180153082426
0 0.4805944523845732 0.7027527270158374 0.040979524004105095 0.11043478537278177
1 0.9311933743221339 0.9956412887003055 0.057994307181592576 0.008717422599388808
0 0.32622615671405414 0.11967021917180508 0.02208407825883114 0.06502043998705338
0 0.23432954820460195 0.026012650654937186 0.02976931323171659 0.02653567649036612
0 0.014007957845522293 0.017394092372629566 0.02666249394987579 0.03192958188904103
0 0.6279522831774873 0.08526945931078722 0.01585225897699054 0.07025269522884767
1 0.26080114461380577 0.05516445476620044 0.01581589754067192 0.059141584117736554
1 0.3560863735365669 0.06842811788439342 0.01269998789975162 0.06175771173863368
1 0.37482728317748726 0.07217579660345505 0.01428066861791084 0.06739409237262958
1 0.3920329638956465 0.06750931691074305 0.01269089754067192 0.05897993396085591
1 0.41824093989154143 0.17721667657756185 0.01895907825883114 0.06485878983017272
1 0.4405795482046019 0.03668156100905969 0.011028403590796288 0.028343553326860033
1 0.47020341569104457 0.05766168194387025 0.01426248789975162 0.061838536817074005
1 0.4888988735365668 0.07529824955182078 0.011128397540672097 0.05889910888241558