0 0.05432307633571302 0.9355233051743257 0.05532796265733608 0.12895338965134864
0 0.1202799630583214 0.900173911128596 0.06841995850815122 0.1466585346603899
0 0.5454057431515228 0.21301156837794216 0.024598180913749525 0.06660826490891433
0 0.24943131493706555 0.08127282423029217 0.0163120842330974 0.05452594807636554
0 0.19928960497902187 0.04152953313547037 0.04036489087179325 0.03541158416274377
0 0.2709278066386958 0.05602018132825226 0.020644386722608397 0.04677533817589479
1 0.301514033193479 0.14918237539146678 0.021236382573423463 0.06066422706478368
1 0.38271741161771766 0.08667221038362101 0.014867983403260432 0.05710948470985579
1 0.3348234406620118 0.17845568056579242 0.015223180913749523 0.06544281804318912
1 0.3500932431515228 0.18873142534200105 0.017022479254075584 0.07119261474303218
1 0.3717314448111967 0.197006356917582 0.014015878424238615 0.07358191023223494
1 0.40319493236364207 0.15903027199237837 0.0131870842330974 0.05413746578779046
1 0.5465431132773916 0.11262308608936711 0.0131870842330974 0.0541374657877905
1 0.5620497141072286 0.11734327531002017 0.011861382573423462 0.05949878019905851
1 0.42220319626108915 0.37641550147844277 0.02170997925407576 0.07177533817589486
1 0.5160912157576137 0.7902066227228574 0.043183160167825106 0.1379951207962342
1 0.6761766107785919 0.7933525527735187 0.037334979254075584 0.07371774961876996
1 0.4115043398321749 0.18519571885810354 0.01174298340326061 0.05672100242128077