0 0.17932641646825587 0.7468546998536646 0.05209134890464333 0.12932933910473043
0 0.24185253087881237 0.08246688888595975 0.026000210345698972 0.06188689177458744
0 0.9890243622324786 0.9899337777719195 0.021951275535042926 0.020132444456160987
1 0.43754809342786 0.7798549379457644 0.027790030878812468 0.07582426695494367
1 0.25233069279472176 0.3409941673851622 0.027699102665567032 0.07026871139938803
0 0.13661006756361252 0.6178162784977379 0.0468128155185485 0.09307276911921747
1 0.5745192445232167 0.6563924401085738 0.03297763605166182 0.10652528138490108
1 0.5920129699126104 0.484800539675426 0.024846887305303156 0.0868384054831201
1 0.3557164540774928 0.1692912352049366 0.016670674452321687 0.06437375180356161
1 0.2728945600417651 0.7386527662305897 0.056778848904643374 0.1294747979791323
0 0.3439271594086269 0.30774374747062005 0.027835494985435093 0.07860204473272137
0 0.3070683539192083 0.059503313127585125 0.021130853919208194 0.05063032178907451
0 0.33622493731793834 0.9775955937932584 0.03836381802583091 0.04480881241348319
1 0.2028668680384662 0.9447072438649614 0.03859113855894432 0.06783033766188125
0 0.21540500580598776 0.47033756565403595 0.04069920783841656 0.10121215728668176
0 0.3633377036152744 0.7303538600245805 0.04074467194503919 0.10398993506445954
0 0.3944847520450641 0.5341983362146381 0.036375420691397944 0.12328892063450211
1 0.631836336368231 0.34166522510059794 0.018324102665567034 0.06997779365058439
1 0.8982175058059877 0.49152607502523343 0.030915030878812644 0.07592123953787804
0 0.8530367011079921 0.7844189581427252 0.034812920691398117 0.12324043434303494
1 0.9890817092899133 0.4916089884440246 0.021836581420173216 0.059060627705342324
1 0.5807415346397361 0.034679323946757865 0.014608069279472247 0.03376970995653877
0 0.46474446159934024 0.05606709523244618 0.016443353919208193 0.050484862914672704
1 0.6248254699126103 0.48581875179623873 0.024846887305303156 0.0868384054831201
0 0.3303600675636125 0.6238285786396796 0.027136813011266005 0.13133133621903204
1 0.6116936694377568 0.1605763203389024 0.013045569279472247 0.0337212236650715
1 0.5764214106622682 0.29552376045479894 0.02269335391920819 0.05067880808054181
1 0.7425418188172538 0.6171845151425946 0.03086956677218975 0.07314346176010025
0 0.455297883082161 0.7193256623322605 0.028290136051661818 0.10637982251049923
0 0.232286280416594 0.6429961644994636 0.03073317445232169 0.06481012842676692
0 0.3704180808914477 0.9670541966068877 0.034040030878812376 0.06589160678622458
1 0.5709275801000249 0.43694799566412934 0.02430131802583091 0.05350507214978677
0 0.35634825455234653 0.4941457763305348 0.022693353919208282 0.05067880808054181
1 0.4493253647397609 0.44983273159634884 0.021267246239076342 0.05896365512240796
1 0.7049555876218723 0.32449963635511525 0.019704746239076344 0.05891516883094062
0 0.20325199828414037 0.5865678556974971 0.03302310015828454 0.10930305916267871
1 0.47176265439406195 0.38944891485724675 0.02255696159934022 0.04234547474720848
1 0.6765076418576497 0.5901480909009692 0.02622753087881229 0.07577578066347633
0 0.40049540815498563 0.3289336984078862 0.03118781551854859 0.09258790620454478
1 0.80871708511459 0.36658862048084395 0.019977530878812644 0.07558183549760729
0 0.6175632362099465 0.23294400143552643 0.01961381802583091 0.05335961327538507
0 0.6719732545523465 0.5039400072069236 0.026091138558944314 0.067442447330143
0 0.7014835951437196 0.2077844833969813 0.021540030878812465 0.07563032178907447
0 0.4913717754020291 0.728774180369341 0.03458560015828453 0.10935154545414605
0 0.4828867078384166 0.11493377777191949 0.016534282132453625 0.05604041847022828
1 0.5453532670887589 0.3056651457365647 0.019568353919208192 0.05058183549760729
0 0.36625210345698983 0.622165985565649 0.03284124373179385 0.09819194805156775
0 0.2464564290046682 0.5545921385252475 0.031096887305303154 0.08703235064898915
0 0.4641152904457238 0.49471355266399875 0.021403638558944494 0.0672969884557413
1 0.7276034774344579 0.37240066665787924 0.019522889812585476 0.04780405771982935
1 0.5526944056477031 0.3725257575691004 0.017960389812585475 0.04775557142836217
1 0.653297462390763 0.603309685417849 0.01993206677218957 0.0728040577198295
0 0.4505769423325033 0.9079721197638132 0.03315949247815268 0.1176363924960122
1 0.40037573620994643 0.22620440692157576 0.035420674452321596 0.06495558730116878
0 0.33313074874635873 0.02977202452697318 0.017823997492717503 0.03942223809502888
1 0.8465186134861197 0.4815926940734801 0.025119671945039102 0.10350507214978677
1 0.42820653417751764 0.5907721038910064 0.020386707838416385 0.10058183549760713
0 0.4487008906040084 0.602513536791192 0.023466243731793845 0.09790103030276404
1 0.6154839106622682 0.2967359177414808 0.019477425705962937 0.04502627994205173
0 0.5665416084715548 0.5506429393871491 0.025909282132453627 0.056331336219031886
1 0.4710064849563052 0.24783073448204737 0.016761602665567032 0.06992930735911713
1 0.4479159774344579 0.36372162048523776 0.01961381802583091 0.05335961327538491
1 0.5936831185006847 0.3960086233694717 0.01841503087881229 0.07553334920613995
1 0.539950364739761 0.45264493650145055 0.021039925705962935 0.045074766233518915
1 0.6753422954602888 0.4235299105257698 0.021267246239076342 0.05896365512240796
0 0.6822909774344579 0.3709945642053284 0.026045674452321775 0.06466466955236522
0 0.5466764231986805 0.10025504905541092 0.015108174452321599 0.06432526551209432
0 0.7400005258642475 0.17566330735032973 0.02600021034569906 0.06188689177458744
0 0.5408883906040084 0.6053742279877611 0.029716243731793844 0.09809497546863308
1 0.5505121285298145 0.2391924242357671 0.014698997492717502 0.039325265512094316
1 0.525586336368231 0.3383681572808235 0.014562605172849529 0.03099193217876098
0 0.672722097651002 0.16802284126168152 0.015108174452321776 0.06432526551209432
1 0.6928935083132701 0.44628548195413204 0.02163095909205772 0.08118587734463019
0 0.8155701418576496 0.5944633708415563 0.03922763605166182 0.10671922655077014
0 0.5282399749271753 0.4050833102389575 0.02430131802583091 0.05350507214978677
0 0.47430864436493214 0.5450044704128023 0.022420569279472245 0.034012141413875145
1 0.6340018931112908 0.5693945165869084 0.029534387305303157 0.08698386435752196
1 0.4180967821324536 0.06850139537731693 0.011755853919208192 0.0503394040402709
0 0.7092746777510269 0.5883885252440041 0.030915030878812467 0.07592123953787819
1 0.5361721468722145 0.5080550331826044 0.019795674452321776 0.06447072438649602
1 0.42143238229073815 0.17688321500211754 0.013545674452321776 0.06427677922062705
1 0.5726886569013445 0.35371163491373053 0.019568353919208192 0.05058183549760729
0 0.3189799498543507 0.7872810909053628 0.03669366943775678 0.14273336507894657
0 0.4973704081549856 0.3319398484788571 0.023193459092057722 0.08123436363609736
0 0.7333246285298145 0.2448653203374378 0.01841503087881229 0.07553334920613995
1 0.40944451082055267 0.398620574309667 0.022647889812585652 0.04790103030276403
0 0.5052236752437445 0.6209257099506805 0.026636707838416384 0.10077578066347634
0 0.7660916644231918 0.2431057546804727 0.024528638558944316 0.06739396103867573
0 0.7249498388755135 0.3056855136997453 0.01680706677218975 0.07270708513689492
1 0.6837792695960413 0.2710915367882629 0.019886602665567032 0.07002627994205174
0 0.7931615959351425 0.7520209235114133 0.037574207838416564 0.10111518470374739
1 0.32093227711788874 0.14322453679265665 0.02618206677218975 0.07299800288569855
0 0.6463127103456989 0.08113594948709407 0.014971782132453626 0.055991932178761
1 0.7888257854311589 0.5825279927755016 0.032750315518548415 0.0926363924960122
0 0.596887023356965 0.21009145742422966 0.010511602665567032 0.0697353621932481
0 0.9949770139546559 0.7445807113876715 0.010045972090688337 0.07840809956685241
0 0.29401339060400844 0.5977133939359323 0.028199207838416562 0.10082426695494368
1 0.30692726458147634 0.3371356320309611 0.015380959092057722 0.08099193217876098
0 0.6551421410662268 0.04809353390256436 0.013272889812585653 0.04761011255396039
0 0.346497196093427 0.8464386911936398 0.03927310015828454 0.1094970043285479
0 0.6803694615993402 0.06275820345492959 0.019477425705962937 0.045026279942051696
1 0.5900172462390764 0.07661266521649453 0.013045569279472247 0.0337212236650715
1 0.2878877595669114 0.4142830880196644 0.020948997492717503 0.03951921067796352
0 0.47370089060400844 0.6032893174546684 0.02117631802583091 0.053408099566852406
0 0.6971310642649072 0.13268751081404673 0.018142246239076343 0.058866682539473324
1 0.4345354390337981 0.404951910528699 0.019341033386094962 0.03669294660871824
1 0.485399257059629 0.4592812496334294 0.022829746239076344 0.05901214141387515
0 0.6217218873053032 0.10536016882361772 0.01492631802583091 0.053214154400983205
1 0.5050632362099464 0.2294529884498829 0.01680706677218975 0.07270708513689492
1 0.3917448822907382 0.17596197546423936 0.013045569279472247 0.0337212236650715
1 0.6529264231986804 0.10355211687518537 0.011846782132453626 0.05589495959582646
1 0.6115693004748537 0.3438126810893012 0.016261497492717502 0.03937375180356165
1 0.6501938797834557 0.22285110244522802 0.014835389812585476 0.04765859884542765
1 0.46918322367353416 0.42268527560764557 0.019204641066226814 0.028359613275385068
1 0.65002404671393 0.403309685417849 0.018460494985435005 0.07831112698391772
1 0.760109752045064 0.5455441284179796 0.02876149749271768 0.03976164213529974
1 0.41830268527287434 0.4627518946558923 0.020022994985435007 0.07835961327538507
0 0.832563762074194 0.3923159148528531 0.03238660266556721 0.07041417027378997
1 0.5745286385589443 0.08446113563515514 0.01193771034569906 0.061450515151381994
1 0.801694195302004 0.3191724530927527 0.01519910266556721 0.06988082106764987
1 0.3780460951437196 0.19774782106325617 0.01368206677218975 0.07261011255396038
1 0.3929436694377567 0.15378823953348444 0.012863712852981468 0.02261011255396039
0 0.5204943564264907 0.027257046169712376 0.02536371285298138 0.022998002885698553
1 0.682688131037097 0.20442487012159624 0.013454746239076342 0.0587212236650715
0 0.7193985208496825 0.2527622770475657 0.011755853919208192 0.0503394040402709
1 0.7844157670887588 0.31308354833105717 0.016397889812585477 0.04770708513689491
0 0.7807284774344578 0.37404920056776647 0.026272994985435005 0.07855355844125411
1 0.5864041644231918 0.23752983116173654 0.015153638558944315 0.0671030432898721
1 0.9152518931112908 0.5781220490510172 0.03904577962517095 0.09560811543965902
1 0.9809511009497074 0.6801099870011753 0.03225021034569906 0.062080836940456484
1 0.9802403956185733 0.5412695844037537 0.02251149749271768 0.0395676969694307
0 0.7407807420159342 0.7004208758929934 0.03123327962517113 0.09536568398232248
0 0.7546038981258558 0.4953986695435778 0.041897994985435005 0.07903842135592672
0 0.7172402904457238 0.5025683318816966 0.033903638558944495 0.06768487878747938
1 0.6654217261808165 0.3899056594436328 0.01193771034569906 0.061450515151382015
0 0.4030534214828208 0.6760589480471739 0.030034492478152507 0.11753941991307752
0 0.507410649379497 0.46829339104730455 0.020295779625171307 0.09502627994205158
1 0.4833700926364372 0.2398852914804522 0.013591138558944494 0.06705455699840483
0 0.6737102846397361 0.0375642582890605 0.014562605172849529 0.030991932178760992
1 0.5864208847980207 0.1431338730087594 0.014971782132453626 0.05599193217876098
1 0.5857843873053031 0.10424498411987049 0.008176212852981379 0.022464653679558567
0 0.7238707236735341 0.4305885411168107 0.04515938730530315 0.08746872727219474
1 0.6717218873053031 0.10691173015057041 0.014880853919208192 0.05043637662320543
1 0.9592004699126104 0.49619481817023475 0.022647889812585476 0.04790103030276403
0 0.7901201978092867 0.2799441601635929 0.019159176959604098 0.02558183549760729
0 0.4182190833987301 0.9337294700553853 0.04124477711788863 0.13254105988922935
1 0.299598149379497 0.46184471428215745 0.02618206677218975 0.07299800288569855
1 0.3773186694377567 0.15330337661881172 0.011392141066226814 0.028117181818048682
0 0.45496028463973615 0.03077617748364255 0.019295569279472246 0.03391516883094058
1 0.6493755258642475 0.172851102445228 0.013045569279472247 0.0337212236650715