1 0.46894834120750895 0.9091304838886219 0.034613102176918174 0.09404356785792409
1 0.4059027704184201 0.06768073598802457 0.016661710344286363 0.053909635487900294
1 0.34498511778601487 0.0037198625101459945 0.01466270072563942 0.007439725020291989
1 0.36044642667902227 0.011430674102911941 0.011865082939624561 0.022861348205823882
1 0.3731646814883457 0.0005329679094432061 0.009920637023308565 0.0010659358188864123
1 0.5323759903813532 0.0024842718049664573 0.014880955534962936 0.004968543609932915
0 0.6133531718696988 0.011375293756956534 0.016825401451278844 0.022750587513913068
0 0.6445634771345092 0.15025012725213782 0.020059528855940555 0.06802489591881368
0 0.5130555275899962 0.33175358269736466 0.018660719962933038 0.07624504348113474
0 0.31701883049255386 0.22390595339369843 0.026418656260602268 0.07403319455841827
0 0.4619692319438327 0.15238175134946014 0.02329365626060209 0.07380682301639373
0 0.265243054083684 0.008915804546316243 0.02721726442797028 0.017831609092632487
1 0.21686011778601486 0.008473664892660559 0.020912700725639423 0.016947329785321118
0 0.13237592414713356 0.8863563882050461 0.06243056733052792 0.15985661485402083
0 0.07736104193314844 0.9069845568571415 0.0658283858421822 0.1739718752849345