0 0.23329455891472853 0.12649399797234603 0.023977720542635694 0.05923848226938277
0 0.3170477976559615 0.06041153529037084 0.02201470234403846 0.04806271766283954
0 0.07789474861572403 0.9212570648423457 0.06926923658176469 0.1470952377571608
1 0.4928488340531561 0.045430504556543946 0.018989831893687813 0.050711188449753114
0 0.36176431061277153 0.5129330216122228 0.0326913864894796 0.08456174974654324
0 0.6627422270210408 0.19433836271160593 0.027102720542635694 0.05936778926024691
0 0.21701061998892532 0.3177727436664201 0.03072836829088228 0.07338598514000007
0 0.152573376005905 0.8464533478544447 0.06650518198597286 0.11369725092839518
1 0.3271260996308597 0.25834494596234614 0.02201470234403846 0.04806271766283948
1 0.5117295280730882 0.9882360612953707 0.017126943244739935 0.02352787740925856
1 0.2879634700812104 0.25950638635432144 0.02191457279438911 0.045284939885061784
0 0.21466567242524892 0.20918079635135836 0.02427810919158375 0.06757181560271606
1 0.040024222702104074 0.018347657547901297 0.034014054595791855 0.03469105673740746
1 0.5233421607050566 0.458416567035186 0.020952850092285046 0.06188695305629639
0 0.22828808143226248 0.2653828868612349 0.018989831893687813 0.05071118844975315
1 0.5239429380029526 0.44174990036851935 0.018589313695090582 0.03960007733864188
0 0.2953544679217421 0.1847003468406177 0.026802331893687813 0.051034455926913656
1 0.29196865206718325 0.1483952752432103 0.015163925046142524 0.031137437014444477
1 0.35579850555555437 0.85208052448284 0.015364184145441228 0.03669299256999984
1 0.5275685857511991 0.4279903184704946 0.013601425046142524 0.031072783519012305
1 0.7597827035806561 0.6712802901003716 0.022415220542635693 0.059173828773950596
1 0.4322794648394231 0.727276807494939 0.02005168414544123 0.0368869530562964
0 0.10877422270210406 0.021192411346913742 0.024639054595791875 0.03430313576481485
0 0.15096172270210406 0.022938055723580472 0.041826554595791876 0.03501432421456796
1 0.455379398523439 0.987621272457315 0.03128957279438911 0.024757455085369882
1 0.2816109454042081 0.045035616006543634 0.012239184145441229 0.03656368557913581
1 0.30647363818752266 0.31034688179493874 0.02035207279438911 0.04522028638962973
1 0.28277292720561087 0.056211380613086843 0.015664572794389108 0.045026325903333365
1 0.6926299861203393 0.19001122356926028 0.014102072794389287 0.044961672407901276
1 0.27629267582133493 0.9698693372163582 0.046153109191583754 0.060261325567283724
1 0.3183590623108145 0.8922601607545684 0.04901729333702489 0.10465272914530854
1 0.3102251897009955 0.8140298085087658 0.039903109191583755 0.06821835055703723
1 0.5224062122185295 0.9534168588300004 0.04765505243632351 0.09316628233999924
1 0.6304189713178281 0.9521266920786117 0.052442681985972864 0.09574661584277666
1 0.6698400215946834 0.7788354589627171 0.037579145588778215 0.09031126578839518
1 0.6376468877260973 0.6300615528501244 0.036317034237726274 0.09857994562629639
1 0.6651105536729413 0.6061606622724701 0.023316386489479514 0.08417382877395059
1 0.7041334808785521 0.6522860975981492 0.03571625693983016 0.08191327895962956
0 0.7709414466408259 0.752417727114816 0.043568329734219445 0.12661633738580255
0 0.339407251698043 0.3951672455232104 0.03465440468807692 0.09573751435308647
0 0.4080571221483937 0.40078977710000063 0.0365172933370248 0.10413550118185194
0 0.5119621745847172 0.29659426747432177 0.02447836829088228 0.07312737115827161
0 0.374681022517534 0.15459968827888945 0.022815738741233105 0.07028493988506174
0 0.4247205953119231 0.11215950219284014 0.017727720542635696 0.05897986828765435
1 0.4343354272056109 0.06248276967000065 0.014802979641934399 0.06440611685234568
1 0.4265229272056109 0.062159502192840145 0.00951470234403846 0.04754548969938273
1 0.5906459839608711 0.11067943937530952 0.013340609191583752 0.06711924113469137
1 0.5838347794573643 0.08257839412037124 0.011377590992986342 0.055943476528148156
1 0.5898239636028054 0.04666124349555643 0.009014054595791876 0.03365660081049384
1 0.608133872609819 0.1030572944917293 0.011778109191583752 0.06705458763925927
1 0.6039470203580656 0.0889744451165441 0.011577850092285047 0.06149903208370371
1 0.6191715021594684 0.10073209118197624 0.0101154796419344 0.06421215636604939
1 0.6301090021594684 0.10118466565000094 0.0116779796419344 0.06427680986148149
1 0.6349362045035069 0.05409175041864292 0.014202202344038461 0.04773945018567903
0 0.6536862045035068 0.054867592363828134 0.014202202344038461 0.04773945018567903
1 0.657533095311923 0.1217928730122232 0.013140350092285046 0.06156368557913581
1 0.6769840021594684 0.10312427051296397 0.013140350092285046 0.06156368557913581
1 0.6910465021594684 0.10370615197185289 0.012839961443336989 0.05323035224580248
1 0.6840350385566629 0.08116066227247017 0.012539572794389109 0.04489701891246914
1 0.6628609454042081 0.0608110688919763 0.012639702344038462 0.04767479669024692
1 0.6720356863049095 0.06675454542012446 0.011177331893687813 0.0503879209725926