0 0.2453125 0.725 0.059375 0.11388888888888889
0 0.35 0.1 0.0203125 0.058333333333333334
0 0.2109375 0.21388888888888888 0.025 0.06944444444444445
0 0.240625 0.43333333333333335 0.0328125 0.08333333333333333
0 0.1125 0.9166666666666666 0.06875 0.15555555555555556
0 0.253125 0.06111111111111111 0.01875 0.04722222222222222
0 0.790625 0.39166666666666666 0.028125 0.075
1 0.421875 0.12777777777777777 0.015625 0.05555555555555555
0 0.35 0.34444444444444444 0.03125 0.07222222222222222
1 0.7390625 0.21388888888888888 0.021875 0.05555555555555555
1 0.5328125 0.36944444444444446 0.0203125 0.06666666666666667
1 0.4921875 0.05277777777777778 0.015625 0.05277777777777778
0 0.278125 0.21666666666666667 0.028125 0.05277777777777778
1 0.2984375 0.06944444444444445 0.01875 0.041666666666666664
1 0.3375 0.25833333333333336 0.025 0.03888888888888889
0 0.19375 0.3861111111111111 0.0234375 0.07777777777777778
1 0.734375 0.5388888888888889 0.0171875 0.04722222222222222
0 0.35625 0.19722222222222222 0.01875 0.06944444444444445
1 0.2703125 0.17777777777777778 0.0125 0.030555555555555555
0 0.65 0.48333333333333334 0.0421875 0.08888888888888889
1 0.421875 0.1111111111111111 0.0125 0.025
1 0.5 0.38333333333333336 0.0171875 0.044444444444444446
1 0.6921875 0.5166666666666667 0.0171875 0.027777777777777776
1 0.7734375 0.5305555555555556 0.0265625 0.06111111111111111
1 0.3859375 0.7111111111111111 0.015625 0.03888888888888889
1 0.453125 0.06944444444444445 0.0125 0.03611111111111111
1 0.690625 0.5277777777777778 0.0203125 0.044444444444444446
1 0.29375 0.3 0.0171875 0.04722222222222222
0 0.225 0.33611111111111114 0.0203125 0.04722222222222222
0 0.278125 0.95 0.090625 0.1
1 0.34375 0.6805555555555556 0.025 0.06388888888888888
1 0.35625 0.7555555555555555 0.0359375 0.09166666666666666
1 0.3703125 0.8888888888888888 0.0296875 0.09166666666666666
1 0.3265625 0.8611111111111112 0.0296875 0.10277777777777777
1 0.35 0.8638888888888889 0.028125 0.09166666666666666
1 0.4046875 0.3111111111111111 0.0265625 0.10277777777777777
1 0.4390625 0.8611111111111112 0.0296875 0.09166666666666666
0 0.39375 0.5388888888888889 0.0296875 0.1
1 0.5 0.8444444444444444 0.025 0.1
1 0.603125 0.7555555555555555 0.0359375 0.10555555555555556
1 0.5015625 0.9583333333333334 0.0328125 0.075
1 0.64375 0.9083333333333333 0.0390625 0.11388888888888889
1 0.6828125 0.7777777777777778 0.028125 0.08888888888888889
1 0.678125 0.9083333333333333 0.028125 0.08055555555555556
1 0.7046875 0.9638888888888889 0.03125 0.06944444444444445
1 0.715625 0.6194444444444445 0.028125 0.08888888888888889
1 0.534375 0.03333333333333333 0.0140625 0.058333333333333334
1 0.5546875 0.030555555555555555 0.0125 0.06111111111111111
1 0.5671875 0.03888888888888889 0.0078125 0.05555555555555555
1 0.5796875 0.04722222222222222 0.009375 0.05277777777777778
1 0.5921875 0.044444444444444446 0.0109375 0.04722222222222222
1 0.6015625 0.03888888888888889 0.0078125 0.04722222222222222
1 0.5890625 0.08888888888888889 0.009375 0.058333333333333334
1 0.6015625 0.11388888888888889 0.0109375 0.06666666666666667
1 0.6015625 0.08333333333333333 0.0109375 0.03888888888888889
1 0.6125 0.08055555555555556 0.0109375 0.044444444444444446
1 0.615625 0.10555555555555556 0.009375 0.06944444444444445
1 0.6265625 0.03888888888888889 0.0078125 0.05277777777777778
1 0.6328125 0.05277777777777778 0.009375 0.04722222222222222
1 0.6265625 0.10555555555555556 0.009375 0.06666666666666667
1 0.6390625 0.10277777777777777 0.0125 0.06666666666666667
0 0.646875 0.03333333333333333 0.009375 0.05277777777777778
0 0.65625 0.07222222222222222 0.0140625 0.058333333333333334
0 0.6609375 0.03611111111111111 0.0109375 0.044444444444444446
1 0.6734375 0.06111111111111111 0.0109375 0.058333333333333334
1 0.678125 0.13055555555555556 0.0125 0.06388888888888888
1 0.6765625 0.09722222222222222 0.009375 0.04722222222222222
1 0.6921875 0.10277777777777777 0.0078125 0.05555555555555555
1 0.6875 0.05555555555555555 0.0109375 0.06666666666666667
1 0.70625 0.10555555555555556 0.0125 0.058333333333333334
1 0.703125 0.08055555555555556 0.0109375 0.05
1 0.43125 0.07222222222222222 0.0140625 0.05555555555555555
1 0.36875 0.027777777777777776 0.0203125 0.05555555555555555
1 0.3453125 0.027777777777777776 0.0125 0.05277777777777778
1 0.3375 0.030555555555555555 0.009375 0.044444444444444446