1 0.478125 0.8472222222222222 0.034375 0.1527777777777778
1 0.403125 0.08333333333333333 0.0125 0.058333333333333334
1 0.334375 0.019444444444444445 0.0140625 0.03611111111111111
1 0.359375 0.013888888888888888 0.0109375 0.025
1 0.35 0.019444444444444445 0.0109375 0.03888888888888889
1 0.5484375 0.016666666666666666 0.015625 0.03333333333333333
1 0.521875 0.013888888888888888 0.0125 0.025
0 0.45625 0.10277777777777777 0.0171875 0.06388888888888888
0 0.5015625 0.25833333333333336 0.021875 0.06388888888888888
0 0.6609375 0.2611111111111111 0.015625 0.07222222222222222
0 0.5671875 0.06388888888888888 0.03125 0.05277777777777778
0 0.3 0.14444444444444443 0.0203125 0.06666666666666667
0 0.2203125 0.013888888888888888 0.025 0.022222222222222223
0 0.121875 0.013888888888888888 0.0296875 0.027777777777777776
0 0.1484375 0.9027777777777778 0.05625 0.1527777777777778
0 0.0953125 0.9194444444444444 0.0625 0.15833333333333333
1 0.1984375 0.016666666666666666 0.0171875 0.03333333333333333