0 0.1328125 0.016666666666666666 0.03125 0.030555555555555555
0 0.2609375 0.9444444444444444 0.04375 0.10833333333333334
0 0.35 0.5305555555555556 0.03125 0.08611111111111111
0 0.428125 0.06666666666666667 0.0171875 0.05
1 0.2796875 0.475 0.0453125 0.09444444444444444
0 0.4765625 0.17777777777777778 0.01875 0.06666666666666667
0 0.365625 0.7055555555555556 0.03125 0.09722222222222222
0 0.425 0.5583333333333333 0.0234375 0.09166666666666666
0 0.4671875 0.41388888888888886 0.0203125 0.05277777777777778
0 0.11875 0.8861111111111111 0.0625 0.10555555555555556
0 0.34375 0.3861111111111111 0.0203125 0.06111111111111111
1 0.303125 0.18333333333333332 0.0171875 0.058333333333333334
0 0.6296875 0.044444444444444446 0.0171875 0.05277777777777778
1 0.528125 0.125 0.01875 0.03333333333333333
1 0.5421875 0.18333333333333332 0.0140625 0.05555555555555555
0 0.38125 0.07222222222222222 0.015625 0.058333333333333334
0 0.48125 0.030555555555555555 0.015625 0.05
1 0.51875 0.2388888888888889 0.01875 0.030555555555555555
1 0.671875 0.125 0.015625 0.03888888888888889
0 0.4421875 0.4638888888888889 0.021875 0.075
0 0.5046875 0.95 0.03125 0.08611111111111111
1 0.4359375 0.125 0.015625 0.05
0 0.2984375 0.35555555555555557 0.028125 0.08333333333333333
0 0.6640625 0.06388888888888888 0.015625 0.044444444444444446
0 0.4609375 0.35 0.0203125 0.05555555555555555
1 0.309375 0.25 0.01875 0.06388888888888888
1 0.6390625 0.10555555555555556 0.0171875 0.05277777777777778
0 0.284375 0.044444444444444446 0.015625 0.04722222222222222
1 0.6953125 0.19166666666666668 0.015625 0.03611111111111111
0 0.2390625 0.24166666666666667 0.025 0.06111111111111111
0 0.7515625 0.15555555555555556 0.021875 0.058333333333333334
0 0.75 0.44166666666666665 0.0234375 0.07222222222222222
0 0.340625 0.3638888888888889 0.021875 0.044444444444444446
1 0.715625 0.38055555555555554 0.0171875 0.08888888888888889
1 0.5234375 0.4222222222222222 0.0203125 0.07222222222222222
1 0.2703125 0.7888888888888889 0.0328125 0.06666666666666667
1 0.5203125 0.14444444444444443 0.015625 0.05555555555555555
1 0.2140625 0.9472222222222222 0.0375 0.09722222222222222
0 0.359375 0.1527777777777778 0.01875 0.07222222222222222
1 0.659375 0.39166666666666666 0.01875 0.075
1 0.2796875 0.16111111111111112 0.015625 0.06111111111111111
1 0.546875 0.3888888888888889 0.01875 0.06666666666666667
1 0.178125 0.9638888888888889 0.034375 0.06388888888888888
1 0.65 0.1638888888888889 0.0125 0.05555555555555555
1 0.4078125 0.4888888888888889 0.0171875 0.06111111111111111
1 0.5171875 0.2638888888888889 0.01875 0.044444444444444446
1 0.33125 0.1527777777777778 0.0203125 0.05555555555555555
0 0.2609375 0.20833333333333334 0.0234375 0.07222222222222222
0 0.3921875 0.15 0.01875 0.06111111111111111
0 0.3375 0.2361111111111111 0.01875 0.044444444444444446
0 0.3375 0.3 0.025 0.06388888888888888
1 0.30625 0.30277777777777776 0.01875 0.07222222222222222
1 0.35625 0.23055555555555557 0.009375 0.03611111111111111
1 0.3640625 0.25 0.0109375 0.03888888888888889
1 0.3609375 0.28888888888888886 0.0171875 0.05555555555555555
1 0.3796875 0.3 0.015625 0.058333333333333334
1 0.3828125 0.24722222222222223 0.0140625 0.03333333333333333
1 0.39375 0.21666666666666667 0.0109375 0.03611111111111111
1 0.40625 0.25833333333333336 0.0140625 0.06388888888888888
1 0.40625 0.20555555555555555 0.0109375 0.03611111111111111
1 0.43125 0.26666666666666666 0.0140625 0.05
1 0.446875 0.2361111111111111 0.0109375 0.058333333333333334
1 0.4546875 0.18888888888888888 0.0125 0.03333333333333333
1 0.4640625 0.23333333333333334 0.0109375 0.044444444444444446
1 0.459375 0.2638888888888889 0.015625 0.04722222222222222
0 0.4515625 0.3055555555555556 0.0140625 0.058333333333333334
0 0.4046875 0.3055555555555556 0.021875 0.03611111111111111
1 0.4828125 0.2777777777777778 0.0140625 0.05555555555555555
1 0.378125 0.3611111111111111 0.034375 0.07222222222222222
1 0.409375 0.35555555555555557 0.0171875 0.05
1 0.5 0.3055555555555556 0.0203125 0.05277777777777778
1 0.4921875 0.35 0.015625 0.06944444444444445
0 0.4125 0.41388888888888886 0.01875 0.07222222222222222
0 0.234375 0.575 0.0421875 0.13055555555555556
0 0.184375 0.6972222222222222 0.0296875 0.11388888888888889
0 0.1625 0.8333333333333334 0.025 0.10555555555555556
0 0.196875 0.8555555555555555 0.0375 0.08888888888888889
1 0.2375 0.8416666666666667 0.034375 0.08611111111111111
1 0.246875 0.75 0.0234375 0.07777777777777778
0 0.3796875 0.8944444444444445 0.0359375 0.1361111111111111
0 0.490625 0.7805555555555556 0.034375 0.1388888888888889
0 0.7296875 0.7194444444444444 0.075 0.08611111111111111
1 0.5609375 0.3277777777777778 0.0140625 0.058333333333333334
0 0.5375 0.30277777777777776 0.0203125 0.06944444444444445
0 0.5234375 0.34444444444444444 0.0265625 0.06388888888888888
1 0.528125 0.19444444444444445 0.0140625 0.03333333333333333
1 0.525 0.2222222222222222 0.015625 0.022222222222222223
1 0.5546875 0.24166666666666667 0.009375 0.05555555555555555
0 0.5828125 0.23055555555555557 0.015625 0.06111111111111111
0 0.621875 0.10833333333333334 0.015625 0.05555555555555555
1 0.5765625 0.1388888888888889 0.0140625 0.06666666666666667
1 0.5921875 0.1388888888888889 0.00625 0.05
1 0.590625 0.19166666666666668 0.009375 0.030555555555555555
1 0.6 0.18055555555555555 0.009375 0.05277777777777778
1 0.6140625 0.18611111111111112 0.0140625 0.058333333333333334
0 0.60625 0.25555555555555554 0.015625 0.03611111111111111
1 0.603125 0.3194444444444444 0.0125 0.075
1 0.615625 0.3333333333333333 0.0078125 0.05277777777777778
1 0.625 0.37777777777777777 0.0125 0.06666666666666667
1 0.64375 0.35555555555555557 0.0140625 0.06666666666666667
1 0.6296875 0.2861111111111111 0.009375 0.06944444444444445
1 0.6390625 0.21666666666666667 0.0125 0.025
1 0.628125 0.23333333333333334 0.009375 0.041666666666666664
1 0.6421875 0.25 0.0109375 0.03333333333333333
1 0.66875 0.26666666666666666 0.0109375 0.044444444444444446
1 0.68125 0.3055555555555556 0.0078125 0.06111111111111111
1 0.684375 0.24722222222222223 0.0109375 0.05555555555555555
1 0.6671875 0.20555555555555555 0.0125 0.058333333333333334
1 0.678125 0.375 0.015625 0.058333333333333334
1 0.6984375 0.36666666666666664 0.0109375 0.075
1 0.721875 0.30833333333333335 0.0140625 0.05555555555555555
0 0.725 0.46111111111111114 0.01875 0.075
0 0.7578125 0.3861111111111111 0.0296875 0.027777777777777776
0 0.75 0.3388888888888889 0.0265625 0.05555555555555555
0 0.6453125 0.2972222222222222 0.0109375 0.041666666666666664
0 0.6625 0.3138888888888889 0.015625 0.044444444444444446
0 0.66875 0.019444444444444445 0.015625 0.03888888888888889
0 0.653125 0.03611111111111111 0.0140625 0.03888888888888889
0 0.7234375 0.10277777777777777 0.015625 0.05
1 0.7140625 0.1638888888888889 0.0125 0.058333333333333334
1 0.6734375 0.16111111111111112 0.0140625 0.027777777777777776
1 0.7296875 0.15833333333333333 0.009375 0.05277777777777778
1 0.75 0.2361111111111111 0.0125 0.06111111111111111
0 0.734375 0.21666666666666667 0.0171875 0.05277777777777778
0 0.71875 0.25 0.0171875 0.05277777777777778
0 0.69375 0.29444444444444445 0.015625 0.058333333333333334
0 0.7984375 0.3972222222222222 0.0296875 0.058333333333333334
0 0.809375 0.46944444444444444 0.0296875 0.075
1 0.853125 0.4361111111111111 0.01875 0.08888888888888889
1 0.7953125 0.34444444444444444 0.0140625 0.05
1 0.8171875 0.35 0.01875 0.03611111111111111
1 0.8140625 0.30833333333333335 0.0171875 0.03333333333333333
1 0.8328125 0.35833333333333334 0.0140625 0.041666666666666664
1 0.775 0.29444444444444445 0.0125 0.07777777777777778
1 0.7921875 0.28888888888888886 0.0125 0.05555555555555555