0 0.16885554545634288 0.44870829503008847 0.03683752678536125 0.0953877706994711
1 0.4839113498378442 0.013602800401562564 0.019322744317957153 0.02720560080312513
1 0.2967350836057898 0.4604417502174812 0.025545470779006773 0.058144149665332635
0 0.3527238051955755 0.16327432106753825 0.01597955600635448 0.03772898242972179
0 0.10848724107484156 0.8739770762215313 0.0683602621748646 0.12640129111447007
0 0.9075520324706993 0.7274149629516381 0.04018071509696384 0.11793356718541569
0 0.2557863498378442 0.02068913259700756 0.0143897824674041 0.03478941752008292
0 0.402077148540598 0.3829353457161231 0.019540932629559825 0.08249700113788837
1 0.29309188636573336 0.513543102258981 0.038045470779006864 0.05943844672022117
1 0.3030510876629796 0.135118175953759 0.017569329545304768 0.04066854733936059
1 0.5871691688331374 0.4497937881357675 0.0256545649348082 0.06925526077644374
0 0.40236134090939046 0.03603669775762301 0.012936376623205525 0.04573874149933296
1 0.3452658612019299 0.12797214561573245 0.017623876623205435 0.046224102894916144
0 0.40255225568204284 0.01659225331317856 0.012772735389503432 0.029072074832666297
1 0.7272795202925394 0.01348340411639949 0.01905000892845372 0.02696680823279898
0 0.4137783076312075 0.3040250580153179 0.03036933847375849 0.07251839994980469
1 0.7087283433450224 0.15138685500321544 0.0175420560063543 0.03789076956158281
0 0.4775874375008238 0.16422023940754193 0.019240923701106284 0.05194144558233277
1 0.4058488051955756 0.15777355858426204 0.016034103084255236 0.043284537985277344
1 0.2994818027599435 0.023026900832469603 0.014526150162155815 0.046053801664939206
0 0.22663286363756194 0.28732840272753457 0.031822744317957154 0.06156907597055468
0 0.3041226639618735 0.18495638882189794 0.0272170649348082 0.06941704790830477
1 0.2881897467535891 0.05895826949459186 0.014553423701106105 0.05145608418674959
0 0.45173404951353263 0.09474839842695781 0.014635244317957152 0.05978941752008294
1 0.5711386144483408 0.019327640244258346 0.012936376623205348 0.03865528048851669
0 0.37775107873452585 0.15790794917998344 0.014580697240056483 0.05423386196452735
1 0.7359999553577313 0.07641425153935509 0.012800008928453722 0.031849852610444054
0 0.26711794724335175 0.7743032425702302 0.03988070616851021 0.08737801162986014
1 0.6910420113640857 0.044994967252214864 0.0144170560063543 0.0375671952978607
1 0.4017419577933633 0.25809713284798413 0.014389782467404012 0.0347894175200829
0 0.5579725925342436 0.4028677436411277 0.02718979139585791 0.06663927013052699
1 0.5432045292209932 0.013839279986563483 0.013045470779006862 0.027678559973126966
1 0.44620897808590276 0.3395164171351244 0.019186376623205346 0.04638589002677725
0 0.8693271038983295 0.4871769839355814 0.038509120941162676 0.1066606689424434
1 0.725526105519887 0.030324539240160323 0.01929547077900686 0.05749700113788833
1 0.5451338530875504 0.7566162442100718 0.03206820616851012 0.08656907597055452
1 0.6451998571447402 0.4215854420346858 0.018005706168510115 0.08511299178380512
1 0.3463840762988939 0.02064054063751889 0.016143197240056396 0.04128108127503778
1 0.7324192134754062 0.28213159422677175 0.022284103084255057 0.04393168651272153
1 0.22067141558672657 0.5765408658801456 0.020857970779006772 0.05765878826974939
0 0.5581907808458462 0.3806455214189055 0.022120461850553143 0.027265019846054863
1 0.4677681525977878 0.0514638604416805 0.014635244317957152 0.05978941752008292
1 0.2278293506519184 0.642398596887507 0.030232970779006774 0.05862951106091588
1 0.4059851728903272 0.14388466969537314 0.012772735389503432 0.029072074832666318
0 0.18493628733866804 0.2416966552877833 0.047911394480112876 0.1104091695113875
1 0.34215667776159114 0.44463881228239915 0.02126707386326192 0.09932545493641606
1 0.36559417776159114 0.4422120053044832 0.02123980032431163 0.09654767715863828
1 0.3553930633132504 0.3683445152275106 0.02099433847375849 0.07154767715863829
1 0.37419761039115107 0.36084751408962223 0.024228432629559826 0.08298236253347145
1 0.35267716639750546 0.32700142282456607 0.019322744317957153 0.06027477891566614
0 0.34206694886490957 0.2948005994142602 0.025845479707460584 0.08869970522088819
1 0.23551693993645584 0.33635767993636817 0.05547843262955983 0.0862181051706928
0 0.22099078977430003 0.3850359863453399 0.036755706168510205 0.08705443736613777
1 0.42949303652788917 0.4522453995648462 0.024173885551659245 0.07742680697791589
1 0.5060555365278891 0.44431783010365394 0.032313668019063255 0.11156907597055453
1 0.6759668417234647 0.6265212455989367 0.03064207386326192 0.10029617772758254
0 0.6751055454563428 0.39628926430710343 0.03215002678536116 0.09490240930388785
1 0.7310009894499885 0.4265760386712161 0.02598184740221221 0.10258859410977708
1 0.7093714513005415 0.40384105851727115 0.022693206168510116 0.08559835317938835
1 0.6882055633132504 0.3338838561411038 0.02252956493480802 0.06893168651272154
0 0.4747351728903272 0.1367660358934863 0.01913182954530477 0.040830334471221655
1 0.47508972889668166 0.10065492478237517 0.020748876623205348 0.04654767715863828
1 0.5071931168839727 0.16947961723551502 0.016361385551659068 0.07661787131861063
0 0.4981999464292775 0.13156145113779252 0.016361385551659068 0.07661787131861063
1 0.48778064366933405 0.0799161832830422 0.01625229139585791 0.06550676020749956
1 0.49109655844198635 0.06014816457487564 0.016197744317957154 0.059951204651943986
0 0.4291147556820428 0.02182784363282569 0.013072744317957153 0.04365568726565138
1 0.44287724675358914 0.042941343440346426 0.014662517856907442 0.0625671952978607
1 0.5273613409093905 0.025759326756979922 0.013045470779006862 0.051518653513959844
1 0.5410965584419865 0.054970976355321555 0.012963650162155815 0.048516519277110745
1 0.5454840495135327 0.08504117051529392 0.016334112012708957 0.07384009354083287
1 0.5613545113640857 0.05842329919668326 0.01468979139585791 0.06534497307563848
0 0.587862464286185 0.06122847351060072 0.016225017856907442 0.06272898242972175
1 0.6634897556820428 0.009080257864731905 0.016170470779006862 0.01816051572946381
1 0.6775249821430925 0.0096197643113502 0.011482970779006863 0.0192395286227004
1 0.6337749821430926 0.010657682400377287 0.017678423701106283 0.021315364800754574
1 0.6488545113640857 0.049363219812463624 0.011537517856907441 0.062243621034138566
1 0.6349829261367381 0.031374859554768764 0.016143197240056396 0.05439564909638842
0 0.6676590584419865 0.04186621867457529 0.020912517856907443 0.06321434382530496
0 0.7053772467535891 0.02421679591275337 0.01468979139585791 0.04843359182550674
1 0.7201022199682279 0.10580990063574353 0.017951159090609535 0.07955743622824948
1 0.7417863051955755 0.12298932523413306 0.013018197240056395 0.054072074832666316
1 0.7414317491892211 0.15910043634524418 0.014771612012708778 0.07367830640897179
1 0.7219999107154627 0.23048632637202138 0.019486385551659248 0.0769414455823328
1 0.6018704172082844 0.06532794487940669 0.013018197240056395 0.054072074832666295
1 0.6112726907472347 0.061579444310462514 0.017705697240056394 0.054557436228249497
1 0.604722681818781 0.09278214839346233 0.014635244317957152 0.05978941752008294
1 0.628242002435632 0.08202200808221302 0.011455697240056396 0.05391028770080525
1 0.6358363141240293 0.10343529464512993 0.016197744317956973 0.05995120465194401
0 0.6545044935071782 0.10982718239613047 0.017596603084255057 0.04344632511713837
1 0.6057669845787246 0.14539813903937904 0.01935001785690744 0.06305255669344388
1 0.5976544756502709 0.1767626302542399 0.01786933847375849 0.07122410289491615
1 0.5804942491892211 0.17576451092693385 0.016388659090609537 0.07939564909638841
1 0.6047305900986115 0.25095369459493455 0.016334112012708957 0.07384009354083282
1 0.609690825488115 0.22269055542157365 0.01786933847375849 0.07122410289491622
1 0.6290681168839728 0.15686022095035196 0.014526150162155815 0.048678306408971826
1 0.6255885608776184 0.19329490632518517 0.016225017856907442 0.0627289824297217
1 0.642748787338668 0.19429302565249126 0.014798885551659247 0.07645608418674957
1 0.6492442491892211 0.168645877125047 0.013100017856907443 0.06240540816599965
1 0.6633612962671218 0.16163423738274185 0.01008411201270878 0.07319294501338859
1 0.6758340227281714 0.1631177181056311 0.014798885551659069 0.07645608418674957
0 0.6815112784102143 0.22080390291152016 0.02255683847375849 0.0717094642904993
0 0.6951646753259592 0.2610144853914373 0.021103432629559826 0.08265878826974939
1 0.7667317581176748 0.12595628667991157 0.012963650162155815 0.04851651927711076
1 0.7727090227281714 0.1530869159302451 0.012990923701106282 0.05129429705488854
1 0.7554669756502708 0.16042212993627236 0.011619338473758489 0.07057695436747191
1 0.7613078725660156 0.20144164807549475 0.016361385551659245 0.0766178713186106
0 0.8108521306836906 0.4016582282796351 0.05120003571381489 0.12739941044177638
1 0.9267225925342435 0.36468598052191636 0.03530230032431163 0.09800376134538785