0 0.1109375 0.9083333333333333 0.0703125 0.16111111111111112
0 0.278125 0.7416666666666667 0.040625 0.11944444444444445
0 0.2515625 0.5333333333333333 0.040625 0.09444444444444444
0 0.5671875 0.65 0.0390625 0.13333333333333333
0 0.7015625 0.55 0.0359375 0.10833333333333334
0 0.85 0.5805555555555556 0.0453125 0.13333333333333333
0 0.846875 0.7138888888888889 0.0484375 0.11388888888888889
0 0.8859375 0.9277777777777778 0.04375 0.1111111111111111
0 0.334375 0.375 0.028125 0.09166666666666666
0 0.1703125 0.36666666666666664 0.0296875 0.08888888888888889
0 0.20625 0.37777777777777777 0.034375 0.08055555555555556
0 0.2109375 0.2638888888888889 0.025 0.075
0 0.1703125 0.2111111111111111 0.0484375 0.09166666666666666
0 0.25625 0.08611111111111111 0.021875 0.05555555555555555
0 0.284375 0.175 0.021875 0.06944444444444445
0 0.2578125 0.13333333333333333 0.021875 0.06944444444444445
0 0.3625 0.14166666666666666 0.021875 0.06666666666666667
0 0.43125 0.14444444444444443 0.021875 0.06666666666666667
0 0.465625 0.1638888888888889 0.021875 0.06944444444444445
0 0.409375 0.30833333333333335 0.0234375 0.07777777777777778
0 0.396875 0.38055555555555554 0.0234375 0.09166666666666666
0 0.4625 0.09444444444444444 0.01875 0.06111111111111111
0 0.4890625 0.058333333333333334 0.015625 0.05
0 0.403125 0.030555555555555555 0.015625 0.058333333333333334
0 0.2484375 0.025 0.021875 0.05
0 0.19375 0.016666666666666666 0.0296875 0.027777777777777776
0 0.10625 0.011111111111111112 0.025 0.022222222222222223
0 0.2703125 0.013888888888888888 0.0171875 0.027777777777777776
0 0.2796875 0.027777777777777776 0.0125 0.05
0 0.30625 0.008333333333333333 0.0234375 0.016666666666666666
0 0.3390625 0.025 0.015625 0.05
0 0.3609375 0.016666666666666666 0.015625 0.03333333333333333
0 0.4390625 0.019444444444444445 0.0125 0.03611111111111111
0 0.6015625 0.07777777777777778 0.0140625 0.041666666666666664
0 0.65625 0.07222222222222222 0.015625 0.05555555555555555
0 0.675 0.013888888888888888 0.0140625 0.027777777777777776
0 0.6953125 0.06944444444444445 0.015625 0.05555555555555555
0 0.675 0.14444444444444443 0.0203125 0.06388888888888888
0 0.646875 0.14722222222222223 0.015625 0.06666666666666667
0 0.7125 0.275 0.028125 0.08611111111111111
0 0.68125 0.25555555555555554 0.0171875 0.07222222222222222
0 0.6859375 0.3 0.021875 0.07222222222222222
1 0.4984375 0.15833333333333333 0.0171875 0.06666666666666667
1 0.2328125 0.5666666666666667 0.028125 0.08055555555555556
1 0.240625 0.6222222222222222 0.0234375 0.09722222222222222
1 0.265625 0.6611111111111111 0.025 0.06944444444444445
1 0.340625 0.6527777777777778 0.0625 0.1
1 0.315625 0.5694444444444444 0.0234375 0.075
1 0.29375 0.5138888888888888 0.0234375 0.09166666666666666
1 0.30625 0.46944444444444444 0.025 0.08611111111111111
1 0.3421875 0.5277777777777778 0.0234375 0.09722222222222222
1 0.3703125 0.525 0.025 0.08611111111111111
1 0.4171875 0.5444444444444444 0.0203125 0.08888888888888889
1 0.359375 0.45 0.01875 0.07777777777777778
1 0.3796875 0.4305555555555556 0.0203125 0.07777777777777778
1 0.3578125 0.40555555555555556 0.0234375 0.08611111111111111
1 0.4046875 0.25833333333333336 0.015625 0.058333333333333334
1 0.428125 0.21388888888888888 0.0140625 0.06388888888888888
1 0.3625 0.19444444444444445 0.0265625 0.08055555555555556
1 0.4109375 0.18333333333333332 0.0171875 0.075
1 0.309375 0.15833333333333333 0.0203125 0.06666666666666667
1 0.3171875 0.10277777777777777 0.0171875 0.06111111111111111
1 0.284375 0.06944444444444445 0.015625 0.05277777777777778
1 0.3015625 0.03333333333333333 0.015625 0.05555555555555555
1 0.3734375 0.11388888888888889 0.0125 0.06111111111111111
1 0.396875 0.11944444444444445 0.0140625 0.06944444444444445
1 0.3875 0.10277777777777777 0.0109375 0.06388888888888888
1 0.4375 0.07222222222222222 0.0140625 0.06388888888888888
1 0.4734375 0.030555555555555555 0.0125 0.058333333333333334
1 0.5015625 0.07222222222222222 0.0125 0.03888888888888889
1 0.5 0.10833333333333334 0.015625 0.06111111111111111
1 0.48125 0.1388888888888889 0.0140625 0.06111111111111111
1 0.48125 0.09722222222222222 0.0125 0.058333333333333334
1 0.5 0.19444444444444445 0.0171875 0.075
1 0.5171875 0.11944444444444445 0.009375 0.06388888888888888
1 0.525 0.13055555555555556 0.0078125 0.06388888888888888
1 0.528125 0.14444444444444443 0.0109375 0.06944444444444445
1 0.5390625 0.10277777777777777 0.0125 0.06666666666666667
1 0.525 0.058333333333333334 0.0109375 0.05555555555555555
1 0.5453125 0.03888888888888889 0.0109375 0.05555555555555555
1 0.565625 0.06388888888888888 0.0109375 0.06111111111111111
1 0.5546875 0.12222222222222222 0.0125 0.06944444444444445
1 0.5609375 0.09722222222222222 0.0109375 0.06388888888888888
1 0.61875 0.013888888888888888 0.0140625 0.027777777777777776
1 0.63125 0.05277777777777778 0.015625 0.06111111111111111
1 0.6296875 0.12777777777777777 0.0125 0.06111111111111111
1 0.596875 0.11944444444444445 0.0109375 0.06111111111111111
1 0.6078125 0.10833333333333334 0.0140625 0.04722222222222222
1 0.60625 0.1388888888888889 0.0125 0.06388888888888888
1 0.6015625 0.19444444444444445 0.0140625 0.06944444444444445
1 0.65625 0.03888888888888889 0.0125 0.05277777777777778
1 0.66875 0.04722222222222222 0.0125 0.06388888888888888
1 0.646875 0.09722222222222222 0.0109375 0.05555555555555555
1 0.6796875 0.1 0.0109375 0.058333333333333334
1 0.715625 0.08888888888888889 0.0203125 0.07222222222222222
1 0.7125 0.16111111111111112 0.015625 0.07777777777777778
1 0.725 0.14444444444444443 0.015625 0.06666666666666667
1 0.734375 0.175 0.0140625 0.044444444444444446
1 0.73125 0.21388888888888888 0.0140625 0.06944444444444445
1 0.75625 0.18055555555555555 0.0140625 0.044444444444444446
1 0.75 0.21388888888888888 0.0125 0.06666666666666667
1 0.7625 0.21666666666666667 0.01875 0.06666666666666667
1 0.746875 0.25555555555555554 0.0203125 0.075
1 0.7265625 0.3416666666666667 0.0171875 0.08055555555555556
1 0.71875 0.4166666666666667 0.0296875 0.08611111111111111
1 0.696875 0.4638888888888889 0.021875 0.08611111111111111
1 0.646875 0.525 0.0453125 0.08611111111111111
1 0.5953125 0.5722222222222222 0.0203125 0.08055555555555556
1 0.5078125 0.5555555555555556 0.0234375 0.08611111111111111
1 0.54375 0.7388888888888889 0.0328125 0.09722222222222222
1 0.459375 0.44722222222222224 0.01875 0.08888888888888889
1 0.728125 0.7694444444444445 0.0359375 0.09444444444444444
1 0.73125 0.5388888888888889 0.021875 0.09166666666666666
1 0.7125 0.5138888888888888 0.01875 0.07222222222222222
1 0.60625 0.33611111111111114 0.01875 0.07222222222222222
1 0.6265625 0.3194444444444444 0.0171875 0.07777777777777778
1 0.590625 0.26666666666666666 0.0140625 0.08611111111111111
1 0.60625 0.2638888888888889 0.0171875 0.07222222222222222
1 0.61875 0.23055555555555557 0.0140625 0.06666666666666667
1 0.6234375 0.20555555555555555 0.0171875 0.06944444444444445
1 0.6375 0.23333333333333334 0.015625 0.07777777777777778
1 0.66875 0.21388888888888888 0.015625 0.08055555555555556
1 0.6453125 0.2222222222222222 0.009375 0.08333333333333333
1 0.65625 0.21388888888888888 0.015625 0.08611111111111111