1 0.4875 0.9444444444444444 0.0328125 0.09166666666666666
1 0.4078125 0.09722222222222222 0.015625 0.05277777777777778
1 0.3453125 0.016666666666666666 0.0140625 0.030555555555555555
1 0.3609375 0.025 0.0109375 0.04722222222222222
1 0.3734375 0.013888888888888888 0.009375 0.027777777777777776
1 0.5328125 0.022222222222222223 0.0140625 0.041666666666666664
0 0.6140625 0.03611111111111111 0.015625 0.06111111111111111
0 0.6484375 0.19722222222222222 0.01875 0.06666666666666667
0 0.5203125 0.36944444444444446 0.0171875 0.075
0 0.321875 0.24722222222222223 0.025 0.07222222222222222
0 0.465625 0.18611111111111112 0.021875 0.07222222222222222
0 0.265625 0.019444444444444445 0.0265625 0.03333333333333333
1 0.2171875 0.016666666666666666 0.0203125 0.030555555555555555
0 0.15 0.8972222222222223 0.059375 0.15555555555555556
0 0.0953125 0.9138888888888889 0.0625 0.16944444444444445