0 0.2355905075218474 0.12895207858959562 0.022829746239076344 0.05946488443149786
0 0.3179771101874144 0.06371053822404792 0.021085389812585564 0.0482729482419464
0 0.09593434481451524 0.9224052472359296 0.06642663354437942 0.14775827266049774
1 0.4933408230403959 0.05054072478714176 0.01800585391920819 0.05088907586284353
0 0.37154942491454007 0.5168627162832204 0.03105142319868044 0.0848690098236994
0 0.6660221536026392 0.2012598002391245 0.025954746239076343 0.05962653458837847
0 0.22307848416488243 0.3201337947856203 0.02930706677218975 0.07367707363414798
0 0.1690823397999503 0.8483454230664066 0.06431856426490726 0.11434411424872401
1 0.33193665861720406 0.26182183630911365 0.021085389812585564 0.048272948241946445
1 0.5309170985754389 0.9910256593642888 0.016306961599340218 0.01794868127142245
1 0.2928286945105814 0.2625789871258834 0.021039925705962935 0.04549517046416866
0 0.21860158432316695 0.21147716113852574 0.022966138558944315 0.06779821776483111
1 0.04035221536026391 0.01876811870611504 0.03335806927947218 0.03503065998058009
1 0.5319246352602391 0.46399576317302216 0.01975021034569906 0.06208101205239511
0 0.23331730219071334 0.2678409674784845 0.01800585391920828 0.05088907586284361
1 0.5321974198999752 0.4473290965063555 0.017823997492717503 0.039777964751732495
0 0.29874372538939375 0.1878214623612044 0.02581835391920828 0.05129320125504514
1 0.29464725877548864 0.1514678760147723 0.014562605172849529 0.03128298126151843
1 0.372252803906573 0.8560749054858707 0.014653533386094875 0.03683853681707395
1 0.5355497404330885 0.4336018577743473 0.01300010517284953 0.031202156183078165
1 0.7723557554767833 0.6793822531874902 0.021267246239076342 0.05938405935305756
1 0.44621915281121627 0.7320150813163476 0.019341033386094962 0.037081012052395106
0 0.10910221536026392 0.02232442215748921 0.023983069279472156 0.03454570950993817
0 0.15128971536026392 0.0245066992753779 0.04117056927947216 0.035434785372781705
1 0.4746216344688163 0.9900833959703168 0.03041492570596276 0.019833208059366333
1 0.28226693072052783 0.04796267253103162 0.011528533386094785 0.03667688666019336
1 0.3123228405913731 0.3136297131456076 0.019477425705962937 0.04541434538572828
1 0.2836475742940371 0.05915460872058304 0.014789925705962936 0.04517187015040734
1 0.6958005818158846 0.19723992117393507 0.013227425705962758 0.045091045071967054
1 0.29520691910855235 0.9713652086446187 0.04484113855894432 0.057269582710762594
1 0.33563334230723274 0.8958825953484099 0.04699467194503919 0.10512170505254706
1 0.32596883729266785 0.8175390420215499 0.03859113855894432 0.06860646854923434
1 0.5408831319615338 0.9561821995244063 0.045523100158284535 0.08763560095118741
1 0.6487865601747791 0.9554378236995449 0.05025606426490725 0.08912435260091027
1 0.684599691211876 0.7860479849843836 0.03582985141192587 0.0906670406145761
1 0.6495092888628782 0.6368859608795936 0.03440374373179385 0.09891954886946905
1 0.6764809658224824 0.6132599872130792 0.02167642319868044 0.08438405935305755
1 0.7163785401165195 0.6598058836969719 0.034130959092057725 0.08225288220280239
0 0.7850997963847256 0.7606652344490087 0.041108384798020835 0.12702062696100805
0 0.34689641739269267 0.3988220232830683 0.03279577962517113 0.0960609460132509
0 0.41560095328607005 0.4051561045122203 0.0344946719450391 0.10447510442502445
0 0.5173740534443546 0.30199557619906753 0.02305706677218975 0.07335377332038676
0 0.37741429466886595 0.15852938294988714 0.021449102665567033 0.07049517046416863
0 0.42657922037482887 0.11659051593709267 0.01657974623907634 0.059141584117736554
1 0.4352100742940371 0.06699464132929428 0.013545674452321776 0.06453548951641146
1 0.4273975742940371 0.06659051593709267 0.008585389812585475 0.04762634761442383
1 0.5923406126946968 0.11682464091843348 0.012028638558944493 0.06723244221574894
1 0.5849827537609237 0.08864273774845408 0.010284282132453627 0.05604050602619747
1 0.5902612871470186 0.05277410187266394 0.008358069279472247 0.03373745872553494
1 0.6096645050145649 0.10938038344794367 0.010466138558944316 0.06715161713730858
1 0.6052043255476784 0.09524901932373382 0.010375210345699059 0.06159606158175303
1 0.6206474691211875 0.10716838121924815 0.008858174452321777 0.0642930142810905
1 0.6315849691211876 0.10773415676833041 0.010420674452321777 0.06437383935953081
1 0.6354828589337732 0.06067358470298883 0.013272889812585653 0.047868822849744794
0 0.6542328589337731 0.0616434856442727 0.013272889812585653 0.047868822849744794
1 0.6593917203748288 0.12863345262470066 0.01193771034569906 0.06167688666019334
1 0.6784599691211876 0.11015890912154007 0.01193771034569906 0.06167688666019337
1 0.6925224691211876 0.11088633482750296 0.011801318025830908 0.05334355332686004
1 0.6850736819741691 0.08825998721307914 0.011664925705962758 0.04501021999352671
1 0.6635169307205278 0.06768399167047018 0.011710389812585476 0.047787997771304484
1 0.6728010025072825 0.07372449769666767 0.010193353919208193 0.050484950470641915