0 0.26773525913105245 0.8021740378188955 0.03677873416055819 0.06360119807338076
0 0.04713853586625757 0.7137662503419213 0.08485560124083727 0.09755232675930377
0 0.679174047770427 0.10212677393911945 0.0170453883676025 0.037242968821233624
0 0.12498929232254538 0.12883886343846132 0.03165419158591121 0.0521505296492328
0 0.13732576533523874 0.33308805623939836 0.05037134059717552 0.09228446201925636
0 0.3291647960057162 0.979371769462792 0.03543475544788164 0.041256461074416016
0 0.4568527534310693 0.9960160167291213 0.023513909654926123 0.007967966541757378
0 0.3966800779367014 0.9775820039873824 0.038559755447881636 0.04483599202523515
1 0.6160856417986718 0.9751166377343266 0.03732503737886681 0.049766724531346854
0 0.2862217232647949 0.09316158985948876 0.02831067029858776 0.04636860255165271
1 0.1287277534310693 0.983238991229119 0.03456067029858776 0.0335220175417621
0 0.9431287430395091 0.9207411068826572 0.04324725544788137 0.06960949671298522
0 0.15945286556766983 0.7664732560702602 0.06988616510280768 0.11308713571584784
0 0.00679149534686029 0.7159262327671094 0.01358299069372058 0.05458875011397374
0 0.4627078136098689 0.1477314344215521 0.019700494804219915 0.06513393237002367
1 0.8088522960057162 0.998914007974765 0.03041947351689629 0.002171984050469986
0 0.3671439413338097 0.10738058328545917 0.017591691585911208 0.05113185771012251
0 0.2881027534310693 0.9898473922089535 0.026638909654926036 0.020305215582093045
0 0.5810643297014122 0.08666273703201427 0.017263909654925948 0.04279852437678918
1 0.5536949024423335 0.9793009974133529 0.02518567029858776 0.041398005173294276
1 0.5271652534310693 0.9985626965768969 0.023513909654926123 0.0028746068462061833
1 0.7461009237296571 0.9741734023475204 0.04223105866619044 0.051653195304959355
0 0.38397080841408876 0.07795688544002613 0.02293475544788164 0.06813808168982595
0 0.41598563291972096 0.06077615641582672 0.01635697351689629 0.05935200527244362
0 0.4426573935633826 0.059922536745257216 0.020935212873234833 0.05691378480770259
1 0.4645323935633826 0.06150713753942874 0.013013452229573019 0.05357007817486355
0 0.4770323935633827 0.062412623707526746 0.012904191585911207 0.05079230039708575
1 0.49265739356338256 0.06354448141764926 0.00988845222957302 0.053343706632839036
1 0.5098448935633827 0.06478952489878403 0.009779191585911206 0.050565928855061275
1 0.5269231329197209 0.06881234615769657 0.011450952229573019 0.053456892403851285
1 0.5458916542070444 0.06461501985428804 0.011341691585911206 0.050679114626073524
0 0.5644231329197209 0.07152880466199062 0.014685212873234831 0.05646104172365358
0 0.6630791542070444 0.0731039526802069 0.011341691585911206 0.0506791146260735
0 0.6442198935633827 0.07452350120583766 0.016029191585911207 0.051018671939110284
1 0.5973234782084734 0.3106959315904325 0.020574579953513705 0.08735615459224594
0 0.02804378247362559 0.8592906859989599 0.05608756494725118 0.1190954343554523
0 0.03428933858036315 0.9583875630248507 0.06734031930985204 0.08322487395029851
1 0.8114745514535979 0.9613466878886404 0.04604447351689629 0.061502534921676344
1 0.8678338120972597 0.9626435978673038 0.03398151609154354 0.07170815986468963
1 0.9038805727409212 0.9624690928228076 0.03085651609154354 0.07148178832266518