1 0.21541936890170005 0.6783422073729733 0.03990156203449331 0.09399471796611654
1 0.20273527833115948 0.7443298590773005 0.046442660462916764 0.10549383762713596
1 0.2109801178682428 0.8477866518174179 0.03401543507002262 0.10749559830509713
1 0.2464809702256076 0.8666843676460572 0.04444351282028158 0.08873016882299238
1 0.3434672861890424 0.80871260914327 0.03401543507002262 0.10749559830509713
1 0.38870701158193655 0.8143034489078831 0.0354323858558109 0.10203704488701848
1 0.38677633044085535 0.9470172431474417 0.03245293507002263 0.10596551370511646
1 0.3605434702256076 0.8737655236818839 0.027838209677128488 0.10988536753296659
1 0.4328551178682428 0.8615609553391627 0.02983735731976367 0.12664903633711017
1 0.46370270347638465 0.9385980002261815 0.031035984284234173 0.11285714958569852
1 0.5035743403656527 0.6711906006687556 0.029944365177646405 0.07119048291903185
1 0.4943063482235356 0.7262611455369257 0.02979881596343468 0.0656349273634763
1 0.4846744830458892 0.7952205792939847 0.033142139784752264 0.07416226497176379
1 0.47042789247534866 0.8611112288608347 0.03201628742738745 0.09073192950095353
1 0.5341308275453712 0.7593387566668852 0.03030823821317572 0.08507937180792075
1 0.547760988008288 0.6572399938514469 0.025766287427387447 0.0903439209510449
1 0.5842079102580289 0.6400265985689754 0.030599336641599174 0.09619048291903186
1 0.5925982990093239 0.7379278357535372 0.03223461124870504 0.09906526283428654
1 0.5653808275453712 0.761278799416427 0.025693512820281584 0.08756614317326744
1 0.5868148717971842 0.8989419447271711 0.029473484284234176 0.11276014744822128
1 0.6071532204304955 0.18237228019798155 0.014319365177646403 0.07022046154426106
1 0.6216909094294595 0.1053705195200204 0.012320217535011224 0.053456792740117325
1 0.5926583808934122 0.07852747890795594 0.013882717535011224 0.0535537948775944
1 0.5743450285360472 0.06069678659156435 0.015299668320799497 0.04809524145951593
1 0.5511258523573648 0.05090842119607485 0.011810795285270358 0.03401234829567288
1 0.6329195078578829 0.09493842337124882 0.010830492142117265 0.05613756838041802
1 0.7647687055432992 0.6178485110455059 0.03982878742738727 0.09121694018833877
1 0.754588876759583 0.7674605024955975 0.03350601282028158 0.08805115386065268
1 0.7800982990093239 0.7495680922507864 0.03052656203449331 0.09341270514125408
1 0.9096445579006641 0.6435363764975407 0.035286836641599 0.09648148933146308
1 0.9384587626153937 0.6787127504429384 0.033578787427387624 0.09082893163843045
1 0.9065537911514412 0.701772707693397 0.04451628742738763 0.09150794660077
1 0.9467720686540311 0.8990302141246768 0.057234611248705033 0.10061729703392011
1 0.802987835403254 0.8316756820059752 0.05127570967712849 0.1113403995951226
1 0.8285314909037721 0.8722136072319744 0.039756012820281586 0.08843916241056099
1 0.8610528924753484 0.8853617632301041 0.04593323821317554 0.08604939318269153
1 0.8435357526905964 0.9533709125896213 0.043172111248705035 0.09325817482075757
1 0.7024099466519591 0.7280513187102657 0.03394266046291676 0.10471782052731934
1 0.7246488196874884 0.7155204597460562 0.0260573858558109 0.10145503206215634
1 0.7277395864367113 0.6572841285501998 0.02503854135632899 0.06256614317326728
0 0.6349356563290875 0.615352889190464 0.03208906203449331 0.09350970727873115
0 0.8266522754356753 0.5855204832960008 0.03946491439185813 0.07732805129944988
0 0.8459801641869703 0.6841007354429021 0.03684933664159899 0.09657849146894017
0 0.9136000037240537 0.7912436094071482 0.04956766046291676 0.10568784190208981
0 0.7099356563290875 0.6200089917893638 0.05665241439185813 0.07839507481169773
1 0.810188213401182 0.6763141307253737 0.035141287427387626 0.09092593377590738
1 0.8175982990093239 0.7518961435502363 0.03612159057054072 0.06880071369116239
0 0.7481847113342674 0.9871936524177566 0.04720463978475227 0.025612695164486846
0 0.7278037448327135 0.8937832482112191 0.04368153349844608 0.1191887222410707
0 0.8085057812266436 0.955824612368334 0.04099318114108108 0.08835077526333192
0 0.6596017084387833 0.8088625964691952 0.026348484284234176 0.11256614317326744
0 0.4285015657585469 0.6693122758476336 0.04466183664159917 0.09706350215632539
0 0.4715281277930402 0.580167664755371 0.02271406203449331 0.09292769445386868
0 0.44613432961228583 0.4144357352544176 0.02718323821317572 0.08488536753296659
0 0.4003851819696506 0.42828933993424906 0.024349336641599172 0.09580247436912354
0 0.30305630190480803 0.9174956689549313 0.03786818114108108 0.13546738035782904
0 0.33226861290584403 0.9861949258263382 0.040299668320799585 0.027610148347323754
0 0.2516008097626909 0.9612323932203884 0.05552656203449331 0.07753521355922303
0 0.3522816298599548 0.23332460059336174 0.027110463606069855 0.08210758975518881
0 0.41383986807313056 0.15367734848415734 0.015881865177646403 0.07031746368173815
0 0.4440367903228715 0.13607594465177736 0.012538541356328991 0.061790126073450656
0 0.46434929032287153 0.13733697243897935 0.015299668320799497 0.04809524145951593
0 0.4790282204304955 0.17441810492486123 0.01446491439185813 0.07577601709981659
0 0.5063912411086597 0.145511585706416 0.01715326674922295 0.05930335470810411
0 0.583934044251813 0.17258391480249208 0.017444365177646404 0.07041446581921519
0 0.597521355252849 0.2513317139550406 0.025256865177646404 0.07089947650660061
0 0.5686386840365654 0.099294669068022 0.01402826674922295 0.05910935043314996
0 0.7712456455757206 0.37062628882328363 0.03648546360606986 0.08268960258005127
0 0.6827653424325674 0.342874944764868 0.031943512820281586 0.0879541517231756
0 0.6703038837888963 0.28089081441646324 0.01559076674922295 0.059206352570627035
0 0.7359288837888963 0.28496490419050047 0.026892139784752266 0.07377425642185548
0 0.7625299251452251 0.22540582727902259 0.02162244292790554 0.05126102778720202
0 0.7609288837888963 0.2865169383901337 0.023621590570540717 0.06802469659134576
0 0.7866908631107318 0.31872153028279954 0.017298815963434678 0.06485891026365967
0 0.6772473966091779 0.19507070971778337 0.01893409057054072 0.06773369017891452
0 0.6997773680731305 0.1714287396424624 0.017080492142117088 0.05652557693032634
0 0.707337311001036 0.12181674819237073 0.023112168320799497 0.048580252146901315
0 0.6621703602152478 0.11344813064997995 0.010830492142117265 0.05613756838041802
0 0.6751070078578829 0.09755748108312991 0.012392992142117264 0.056234570517895106
0 0.6587200285360473 0.06593490201532651 0.01380994292790554 0.050776017099816606
0 0.6839383523573648 0.0591536028816264 0.022675520678164317 0.03191358548023463
0 0.6215111269644706 0.05249573960476555 0.02252997146395259 0.026358029924679074
0 0.5276155777502589 0.05223116691169648 0.015081344499482086 0.03976190812618257
0 0.5299400570720947 0.08298072674220619 0.01359161910658777 0.042442683766483275
1 0.5507962125726126 0.12322764555577415 0.01559076674922295 0.059206352570627035
1 0.5256506633584008 0.1272311669116965 0.012247442927905538 0.05067901496233955
1 0.5010145363939301 0.11179024382317435 0.010757717535011225 0.05335979060264025
1 0.48360871257261256 0.11905655364425984 0.010757717535011225 0.05335979060264025
1 0.45733731100103603 0.10629640619603842 0.009049668320799498 0.047707232909607614
1 0.44578338089341213 0.06940927798511069 0.012538541356328814 0.06179012607345064
1 0.4249614586436712 0.08759269464235314 0.012247442927905538 0.05067901496233953
1 0.40777395864367116 0.08652567113010529 0.014101041356328992 0.06188712821092774
1 0.3966909094294594 0.0914022117233213 0.009267992142117177 0.056040566242940945
1 0.3795761840365653 0.08755741043329568 0.009195217535011313 0.05326278846516317
1 0.38916950785788285 0.07980608992482481 0.007414393713693723 0.044832452994352755
1 0.359409233250777 0.08074082709053812 0.013882717535011312 0.0535537948775944
1 0.2780136840365653 0.08125227149728567 0.02049659057054054 0.0678306923163916
0 0.208052132755439 0.42191363258012415 0.031725188998963996 0.07962081838984227
0 0.31702902646913267 0.384162335621598 0.023912688998963993 0.07913580770245687
0 0.34642542804070925 0.3971164873447735 0.021297111248705036 0.09838624787194716
0 0.3723329565767565 0.42376552368188386 0.0260573858558109 0.10145503206215617
0 0.4116908631107318 0.2954410172883011 0.020642139784752444 0.07338624787194716
0 0.44926363771783767 0.29499129080997316 0.020860463606069857 0.0817195812052805
0 0.17655388378889625 0.2502381389737069 0.01758991439185813 0.07597002137477078
0 0.18967031389652012 0.2872222693221117 0.02220463978475227 0.07348325000942424
0 0.24312495368127243 0.21820111763663302 0.02049659057054054 0.0678306923163916
0 0.2578038837888963 0.25528225012251493 0.021913541356328815 0.062372138898313126
0 0.2949785521096958 0.21029107706226544 0.017517139784752268 0.073192243596993
0 0.3078038837888963 0.2583863185217814 0.028381865177646404 0.07109348078155478
0 0.3116223966091779 0.17237220954814733 0.019079639784752266 0.07328924573447008
0 0.2311729172873423 0.1367725428437838 0.03477741439185813 0.0770370448870186
0 0.30399398717971843 0.1051235300566182 0.015517992142117177 0.05642857479284926
0 0.26035530314315314 0.03842157918089409 0.01671661910658786 0.04263668804143743
0 0.695787457405326 0.9586067859535287 0.03921235731976367 0.08278642809294277
1 0.632033172459138 0.9741491069869445 0.02896406203449331 0.05170178602611107
0 0.6204664338316774 0.8092153208100459 0.03565070967712849 0.11037037822035181
0 0.5344903924753487 0.865088316497395 0.038848484284234173 0.11334216027308407
0 0.060380920182826404 0.3237125384934358 0.034922963606069855 0.0825926004425742
0 0.46736728246498876 0.08187841902090089 0.01337329528527036 0.03410935043314996
0 0.5565794081911143 0.9590057987406942 0.0483690334984459 0.08198840251861143