0 0.478125 0.46111111111111114 0.0265625 0.08888888888888889
0 0.6296875 0.09444444444444444 0.015625 0.06666666666666667
0 0.30625 0.05555555555555555 0.01875 0.05277777777777778
0 0.3734375 0.6222222222222222 0.0453125 0.11944444444444445
0 0.5890625 0.7361111111111112 0.04375 0.1388888888888889
0 0.15625 0.9027777777777778 0.06875 0.11388888888888889
0 0.09375 0.9222222222222223 0.065625 0.1361111111111111
1 0.415625 0.1361111111111111 0.0234375 0.06388888888888888
1 0.3546875 0.044444444444444446 0.01875 0.06666666666666667
1 0.371875 0.041666666666666664 0.0171875 0.06944444444444445
1 0.390625 0.03333333333333333 0.015625 0.06111111111111111
1 0.4859375 0.030555555555555555 0.0140625 0.06111111111111111
1 0.5015625 0.03611111111111111 0.0109375 0.058333333333333334