1 0.22358127750517814 0.9578857495346743 0.02863592068857255 0.08422850093065128
1 0.19574894338442725 0.8725762721735935 0.04075397477225651 0.08975054022798885
1 0.18818941452848673 0.9386606301815597 0.04075397477225655 0.08975054022798885
1 0.7284424254130779 0.5298235328377652 0.02529266587924912 0.09662810191457112
1 0.6911061165200705 0.517996347552229 0.014355165879249121 0.09560906176184542
1 0.7116368713293939 0.5087777395818944 0.02512897477225664 0.08829476858123779
1 0.6687400431990929 0.5409582672467774 0.026909729581580066 0.09955145685702417
1 0.6091120720550334 0.46861409115778135 0.01876984736759475 0.08215690436698189
1 0.6209027439247322 0.5058898195862933 0.02173115626060227 0.0741147253629988
1 0.6400346898410482 0.4881923011179503 0.018715283665263982 0.07937912658920412
1 0.8215575083527025 0.4911903633313746 0.026636911069925873 0.08566256796813529
1 0.8434325083527024 0.49322844363682616 0.015481156260602091 0.07353241670429832
1 0.8637450083527025 0.49512094677760277 0.02965278366526398 0.08039816674192998
1 0.8919047246874385 0.5756646906842077 0.015481156260602091 0.07353241670429832
1 0.7839136646133047 0.4153287119922745 0.018824411069925696 0.08493468214475967
1 0.7011755756832304 0.32413421176648505 0.010629965153609788 0.06476235187693963
1 0.6844593016366133 0.3782339956752895 0.01715278366526398 0.07923354942452884
1 0.5712549519067658 0.1645379305468781 0.013864092558271323 0.07060906176184538
1 0.5917311430137583 0.15809710035432126 0.013482146641955416 0.0511646173174009
1 0.5826636778601486 0.2212581034198346 0.01359127404661713 0.056720172872956456
1 0.6736706237764647 0.2102571345265468 0.016770837748947897 0.05978910498008456
1 0.6438194326694721 0.21582450173105291 0.020004965153609788 0.06563581486499027
1 0.6545585252277435 0.14725352027465916 0.01482639183263199 0.04019908337096491
1 0.6599355059904498 0.19228027337780407 0.015099210344286362 0.054087972259853796
1 0.652103158622855 0.27225352027465916 0.013209328130301045 0.03727572842851209
1 0.6575892667902229 0.31172471782224853 0.014880955534962936 0.04297686114874269
1 0.6318799386599219 0.3455065942985578 0.012301592558271323 0.0704634845971703
1 0.6461606934692453 0.33570567766952275 0.011974210344286362 0.05379681793050355
1 0.6518650564459367 0.36406576410600094 0.015099210344286362 0.05408797225985372
1 0.6761755756832304 0.3218049771316832 0.019950401451278844 0.06285803708721249
1 0.7365327223251859 0.2773369093893376 0.017043656260602093 0.07367799386897336
1 0.7538293497298476 0.27338270264520825 0.018387901451278665 0.06271245992253738
1 0.5401487956461635 0.23399418664027316 0.015372028855940556 0.06797686114874268
1 0.5226884771345093 0.24628172671773577 0.013700401451278665 0.06227572842851209
1 0.4855307283156356 0.38474569576155 0.014027783665263981 0.07894239509517875
1 0.48037200236225264 0.3286078315472939 0.015099210344286362 0.054087972259853796
1 0.4901835119808995 0.3072590723131224 0.015317465153609789 0.0651990833709649
1 0.4237053401112007 0.26488814312098136 0.013700401451278843 0.06227572842851209
1 0.4495039482785687 0.30625184380934717 0.019950401451278844 0.06285803708721249
1 0.4395287475529292 0.33593393637685204 0.015099210344286362 0.05408797225985388
1 0.4653273557202973 0.37729763706521785 0.01715278366526398 0.079233549424529
1 0.3879860949205241 0.2504287572223426 0.015426592558271413 0.07075463892652047
1 0.3538839134321784 0.2333371707106012 0.014935519237293703 0.045754638926520465
1 0.3676190312181932 0.2513140318593439 0.009012901451278843 0.061838996934486724
1 0.356026766790223 0.28362832503995145 0.015426592558271324 0.07075463892652047
1 0.3785912475529293 0.3302564269545226 0.03423115626060227 0.07527934268039962
1 0.37504958530187726 0.27148636212716387 0.013536710344286274 0.05394239509517876
1 0.4122767667902229 0.2888691029682556 0.00997520072563951 0.03142901854360621
1 0.4207787475529292 0.3341870104007507 0.012192465153609788 0.06490792904161466
1 0.4054811297669144 0.3160645720873329 0.012083337748947898 0.05935237348605911
1 0.4028819194226282 0.3686967727004355 0.013864092558271323 0.07060906176184542
1 0.39946425354337906 0.4629956399802048 0.02329365626060227 0.07426030252767393
1 0.29172616461330475 0.3694719051196136 0.023184528855940557 0.06870474697211838
1 0.30024799274360586 0.334088679831878 0.01984127404661713 0.05730248153165686
1 0.30004958530187725 0.2644986582227584 0.020114092558271412 0.07119137042054582
1 0.26600196751586236 0.24462929393323923 0.020223219962933126 0.0767469259761013
1 0.3283035600741338 0.18086235891112423 0.026473219962933125 0.07732923463480179
1 0.42626983412075087 0.1343325875654258 0.010357146641955417 0.05087346298805069
0 0.09800092414713357 0.9079949324081806 0.06722719473518964 0.1670797748627908
0 0.16797117296600722 0.7725880838225438 0.038338302902557686 0.1255704970097497
0 0.1780207847615723 0.6594270807570306 0.0493303666048885 0.12936731494025336
0 0.34044637369164665 0.758046016381251 0.03655754809323426 0.11431380873396348
0 0.3413342618960815 0.87222605959949 0.039573420688572544 0.10904940750775849
0 0.2904265263240518 0.834088679831878 0.04362600362819702 0.15656278405933094
0 0.4044493315888622 0.9854097266185876 0.043497028855940555 0.029180546762824774
0 0.5165376477382637 0.7187951032693083 0.03543155771188111 0.13639045379151057
0 0.4307638388452563 0.7024550258788436 0.03337798439090349 0.11124487662683577
0 0.3777678136175128 0.6112487140041035 0.025783739200226828 0.12162810191457128
1 0.40427574991518195 0.6165013035813582 0.018824411069925696 0.08493468214475967
0 0.3404315047245054 0.5994215287185674 0.03014385698624169 0.10539816674192982
0 0.3269344891154088 0.4896324237384829 0.02529266587924912 0.09662810191457112
0 0.40736603358044593 0.5388691029682555 0.028199411069925694 0.08580814513281025
0 0.4389235684268362 0.6058151123153218 0.02830853847458741 0.0913637006883658
0 0.4676487691524757 0.5778799457239183 0.02512897477225664 0.08829476858123794
0 0.4988442054501448 0.5835692667951984 0.023730165879248942 0.09648252474989616
1 0.5471378617107471 0.5157143595132296 0.023730165879249122 0.09648252474989616
0 0.5082936165200704 0.5009638192852407 0.02329365626060227 0.07426030252767393
0 0.5305505624363865 0.48355745514624776 0.02345734736759475 0.08259363586100726
0 0.5473759638876653 0.4239021156818879 0.02016865626060227 0.07396914819832369
1 0.5118749735063122 0.398331618672138 0.015590283665263983 0.07908797225985388
1 0.5203968016366133 0.36294839338440243 0.015262901451278843 0.06242130559318721
1 0.5947618845762379 0.3225682979019106 0.018606156260602268 0.07382357103364849
1 0.6174007764088698 0.28571748931847335 0.016825401451278844 0.06256688275786225
0 0.48433530526481033 0.2065311864897468 0.02173115626060209 0.07411472536299873
0 0.4426884638876653 0.41414844564865516 0.020223219962933036 0.07674692597610147
0 0.4505356802224014 0.4927996864144837 0.02825397477225664 0.08858592291058819
1 0.606061483124959 0.38484402633042264 0.016825401451278844 0.06256688275786233
1 0.5733581105296207 0.3762313503166897 0.01715278366526398 0.07923354942452884
1 0.5681993845762379 0.32009348610243366 0.013482146641955416 0.051164617317400976
0 0.6321031718696989 0.09506986280453246 0.011919646641955417 0.05101904015272581
0 0.6573214266790223 0.08628798632822318 0.015044646641955418 0.05131019448207602
0 0.6771974170603754 0.11040271169122189 0.016170637023308565 0.02923354942452892
0 0.6811210252277435 0.14972833207413613 0.025818455534962936 0.043995901301468465
0 0.6974900696927806 0.19299634755222903 0.02296627404661713 0.05759363586100711
0 0.6170585252277435 0.14375966832245643 0.013645837748947898 0.05949795065073423
0 0.6175843148834572 0.19668302326490933 0.01655258293962447 0.04867799386897336
0 0.6136408593484944 0.23805853560222576 0.019459328130301046 0.0378580370872125
1 0.6662202223251859 0.2707859369789574 0.01359127404661713 0.05672017287295653
0 0.7007043497298475 0.2684330790462544 0.01844246515360979 0.06549023770031516
0 0.7536259638876653 0.4431183014190029 0.02970734736759475 0.08317594451970775
0 0.7233035468272899 0.3929845359032784 0.021622028855940556 0.06855916980744325
0 0.7168005756832304 0.3255899834132362 0.01515377404661713 0.05686575003763158
0 0.6963591009109739 0.4099541685482459 0.023348219962933035 0.07703808030545171
0 0.749012874957591 0.35920265942696916 0.020114092558271325 0.07119137042054575
1 0.771215257171576 0.3445740730657541 0.023129965153609787 0.06592696919434052
1 0.8165624735063123 0.42671916578378527 0.018715283665263628 0.07937912658920412
0 0.7933630756832304 0.3327232644823168 0.022420637023308387 0.02981585808322933
0 0.5140426526324051 0.12859601989834332 0.016825401451278844 0.06256688275786225
0 0.40003471633473603 0.1151911090992822 0.021458337748947898 0.060225836474109805
0 0.3501785600741338 0.18290043921657587 0.021458337748947988 0.06022583647410984
0 0.24672617786014867 0.18995901301468499 0.0231299651536097 0.06592696919434052
0 0.22971723793428245 0.3386488185326089 0.026309528855940557 0.06899590130146846
0 0.22684520907834188 0.40516990803460057 0.026473219962933125 0.07732923463480196
0 0.28589282686435674 0.42736850695892153 0.02658234736759484 0.08288479019035751
0 0.3366021549946579 0.395915865117414 0.02954365626060227 0.07484261118637442
0 0.33226188457623784 0.2981113342364914 0.02501984736759475 0.08273921302568223
1 0.2655406321291671 0.5868782692586063 0.046150802902557686 0.12629838283312533
0 0.22934518258465406 0.7560433710226511 0.06163195916315987 0.19983079953742364
0 0.14965270418420046 0.9799043705710722 0.038536710344286275 0.04019125885785557
0 0.7637598773198437 0.644428495901079 0.030089293283910835 0.1026203889641522
0 0.7158680143431523 0.6121378260183726 0.03305060217691817 0.09457820996016895
0 0.8626884506408213 0.6285998572756112 0.060049611795565026 0.11927524398186809
0 0.9602876477382637 0.7601390180370408 0.05459821996293286 0.07994962359895415
0 0.676180554083684 0.082479356748769 0.01153770072563951 0.03157459570828137
0 0.4126735816736802 0.4280491461864947 0.02345734736759475 0.08259363586100726
0 0.5925644675158624 0.27505492135033816 0.01638889183263199 0.04034466053564003
0 0.511894820873907 0.31763048595190735 0.020004965153609788 0.06563581486499019
0 0.5638045504554869 0.22506673299928875 0.019568455534962937 0.043413592642768055
1 0.5310813304925539 0.29715518970578647 0.013318455534962937 0.04283128398406756
1 0.5331150564459367 0.3530018995906923 0.012356156260602269 0.073241262374948
1 0.5461606934692453 0.3263887391303154 0.012137901451278844 0.062130151263836884
1 0.550158712706539 0.28223544901522113 0.008358137023308565 0.028505663601153388
1 0.5895138785857881 0.19128485652297947 0.009920637023308565 0.02865124076582851
0 0.6384374735063122 0.4101233690108223 0.015535719962933037 0.0763101944820761
0 0.6592757631620259 0.4649392270940516 0.02518353847458741 0.09107254635901572