0 0.36493054083684007 0.2211562864033358 0.024692465153609698 0.06558667545407262
0 0.16652775717157614 0.28467265703356986 0.02970734736759484 0.08259289943377612
0 0.18970730762706306 0.4588190373630004 0.033105165879249124 0.09670815986468947
0 0.7523561297669145 0.33267287671871976 0.023075401451278843 0.06269571190528261
0 0.6197817319438327 0.23127223374499944 0.01844246515360979 0.06513393237002371
0 0.477361108167368 0.07352373481863786 0.018169646641955417 0.05124504348113478
0 0.26262399637180295 0.17201935884986053 0.019895837748947987 0.05969156258548034
1 0.2903323341207509 0.11561018362373549 0.021622028855940556 0.06813808168982595
0 0.6084771549946579 0.408484082667716 0.02173115626060227 0.0736936372453815
1 0.713110091292327 0.41884530710331463 0.021676592558271323 0.07091585946760372
0 0.7545336994596951 0.4607902118095344 0.02825397477225646 0.08803526921831929
0 0.6930009771345093 0.24770307609368636 0.019950401451278667 0.06246934036325816
0 0.2340773557202973 0.35076394206922007 0.02669147477225655 0.08792208344730715
0 0.48967259129232704 0.4026597418485627 0.02345734736759475 0.08214015634972706
1 0.4697569061757843 0.5403035872563168 0.01778770072563951 0.03180059903669038
0 0.9028223773198437 0.6384358982643893 0.04716766587924894 0.09772683180379968
1 0.3877430143431523 0.5733068160525686 0.022113102176918264 0.09313808168982594
0 0.37062494701262433 0.7278436996690139 0.03639385698624169 0.10526786474004741
0 0.7380952223251859 0.26209657456415286 0.016770837748947897 0.05946519104345585
0 0.3320436297669144 0.3022259043164241 0.034449411069925696 0.08571023452459059
0 0.166587233040141 0.9189114765350013 0.03537699400955021 0.13293245674681264
1 0.5465575083527024 0.45406983759823816 0.020114092558271325 0.07080267369659149
1 0.6461209987340556 0.4835359491652445 0.02452877404661713 0.057253342120739285
0 0.44389875590563177 0.7414967642399231 0.026964293283910833 0.10181097233619596
1 0.41991070671608915 0.13056015817330793 0.014990082939624472 0.04824089416133251
0 0.7368352787711225 0.5652139096549673 0.026473219962933215 0.07681097233619597
0 0.319518803998866 0.6212176056768196 0.03154266587924912 0.09659497409367725
1 0.5685565047245055 0.608658587712212 0.02173115626060209 0.0736936372453815
0 0.48488585445435295 0.8056638911683649 0.03801092068857255 0.1081588282888371
0 0.6883630624363866 0.48381418720479746 0.02981647477225664 0.08814845498933152
0 0.6127479927436059 0.35037712087640716 0.016607146641955416 0.05113185771012251
1 0.5808580972827768 0.5400064436648533 0.01408234736759475 0.08146104172365354
1 0.6185912210592415 0.6901714959333941 0.02518353847458741 0.09058667545407262
0 0.3802430275899962 0.39751451565548285 0.023675602176918265 0.09325126746083817
0 0.6176686165200704 0.49816527195369065 0.020223219962933213 0.07635822925214705
1 0.23140373430608535 0.48687505318033114 0.028035719962933036 0.0769241581072082
1 0.720610078045483 0.5946376075004004 0.01359127404661713 0.056461041723653536
0 0.8770436165200707 0.5169541099417244 0.03110615626060209 0.07437275187145502
1 0.9782241706037546 0.5437556295019651 0.025238102176918176 0.0933644532318504
0 0.48360612976691436 0.31320492410461254 0.021785719962933214 0.07647141502315928
1 0.5000148689671413 0.19477915159927833 0.013754965153609789 0.06479437505698687
1 0.5326388520921002 0.5253865736523623 0.018387901451278842 0.06235615459224593
1 0.46563986896714127 0.1922890646370088 0.015317465153609789 0.06490756082799917
1 0.5884672114405947 0.7102431885063835 0.02825397477225664 0.08803526921831929
0 0.6356051393855612 0.30196172167057866 0.021676592558271323 0.07091585946760372
0 0.42674106007413376 0.1811260870283692 0.023075401451278843 0.06269571190528261
0 0.29032237731984367 0.5940670760275868 0.03315972958157998 0.09948593764246726
0 0.43944935808255003 0.6493773544892073 0.02329365626060227 0.07380682301639373
0 0.339260841207509 0.956809989927533 0.03499504809323426 0.08638002014493414
1 0.5419841141578179 0.20894627852772021 0.012083337748947898 0.05912563373041908
0 0.5335267402965351 0.6395018340832759 0.025401793283910835 0.10169778656518373
0 0.66996527041842 0.14589210375749037 0.015262901451278843 0.0621297830502214
0 0.8379959854872118 0.672684170541776 0.04878472958158007 0.10061779535258969
1 0.23366560563547928 0.9229590803882399 0.04384425843752053 0.15408183922352015
1 0.3286879951906766 0.034936715909190064 0.011374009618646852 0.023014522619307975
0 0.3331200348463903 0.08811064388551072 0.02296627404661713 0.05714015634972706
1 0.3976586729660072 0.78543659910279 0.019151793283910833 0.10124504348113482
1 0.4671775431990929 0.5122994379365144 0.016443455534962938 0.04279852437678926
1 0.2563293232361597 0.5721325446208728 0.02749008293962456 0.04914638032943041
0 0.8165326693378102 0.9528696329177782 0.05552580290255769 0.09426073416444372
1 0.6486359074417286 0.11652972518554108 0.013154764427970278 0.03423881950143131
0 0.33864577151472836 0.8423598366864478 0.03477679328391083 0.1023769011912571
0 0.5265575215995464 0.2773720510330544 0.018551592558271324 0.07068948792557919
0 0.056116046827289864 0.3295274308404901 0.04080853847458739 0.09171853316419522
1 0.42971225953382886 0.5874739429810105 0.024583337748947897 0.06003111989851707
0 0.3299702090783419 0.40778145987197967 0.03488592068857255 0.10793245674681282
1 0.6485862559056318 0.756324100242528 0.025347229581579887 0.09892000878740595
0 0.22634424519067659 0.027523047907887583 0.026999009618646853 0.0241463803294305
0 0.6694692186969887 0.410120549959416 0.02184028366526398 0.07924919280093705
0 0.47492552269585475 0.9756224598554547 0.034449411069925516 0.04875508028909065
1 0.34770832450210404 0.142020279373411 0.01359127404661713 0.05646104172365358
0 0.014820185390619878 0.11224296882123362 0.029640370781239756 0.06059704875357836
0 0.2625892800370669 0.09412839530107052 0.013645837748947898 0.05923881950143135
0 0.380868054083684 0.04706177257143381 0.016334328130301133 0.037242968821233624
1 0.401180554083684 0.04853318759459309 0.01482639183263199 0.03990756082799916
0 0.3653323341207509 0.12104310063232357 0.01515377404661713 0.05657422749466584
1 0.37934027041842 0.1248395503492116 0.008249009618646852 0.022788151077283478
1 0.3801934422881189 0.16106384723133496 0.013700401451278843 0.06201659727920909
1 0.4065376874787955 0.17409911644965434 0.02937996515360979 0.06592623276710938
1 0.38866070671608915 0.1282964427530629 0.00674107332097762 0.02545274308404899
1 0.3946378882044349 0.14263807472600076 0.011646828130301134 0.036903411508196864
0 0.45165178003706696 0.10782387359355296 0.013318455534962937 0.04257215283476465
0 0.4460366970974423 0.1547065385027384 0.016770837748947897 0.05946519104345585
0 0.4598263785857881 0.16961409933073757 0.009067465153609788 0.06445481774395015
1 0.4811011778601486 0.20175425568046465 0.012083337748947898 0.05912563373041908
1 0.5659325348463904 0.1049753237663362 0.010411710344286363 0.053456892403851305
1 0.579722216334736 0.11988288459433534 0.011865082939624471 0.04801452261930798
1 0.5986359074417287 0.11290778051314904 0.010411710344286363 0.053456892403851305
1 0.5744543629766914 0.06943014151028634 0.013536710344286362 0.053683263945875796
1 0.5869543629766915 0.07033562767838435 0.008849210344286363 0.053343706632839036
1 0.5670932415624795 0.2052016953083607 0.016825401451278664 0.062242968821233625
0 0.5725446333951115 0.16665236373250858 0.016443455534962938 0.04279852437678918
1 0.6181845156090966 0.1532680844251972 0.015262901451278843 0.062129783050221356
1 0.6378422511811264 0.1880728327816898 0.01046627404661713 0.05623467018162908
1 0.6537400696927806 0.17531580160292343 0.012192465153609788 0.06468118928597467
1 0.6522519807627063 0.09175609672756559 0.008849210344286363 0.053343706632839036
1 0.664861108167368 0.08710602734010806 0.011865082939624471 0.04801452261930798
0 0.6353918629766915 0.07384438657976415 0.01655258293962447 0.04835407993234474
0 0.6760168629766914 0.07678721662608269 0.01655258293962447 0.04835407993234474
0 0.6958382896557137 0.10325863164924197 0.01940476442797028 0.03469156258548034
0 0.6985267800370669 0.1257072254134887 0.01482639183263199 0.03990756082799918
0 0.6850446333951115 0.17480173924539066 0.014935519237293703 0.04546311638355473
0 0.6954910600741337 0.20059403964247646 0.017896828130301044 0.037356154592245935
0 0.7025595156090966 0.15938011605985877 0.016498019237293705 0.045576302154566956
0 0.7198015793114274 0.15784738176321575 0.01844246515360979 0.06513393237002367
0 0.5970882764088699 0.27135429961749463 0.02151290145127884 0.06258252613427039
1 0.26616068022240136 0.46992069569815625 0.024910719962933037 0.07669778656518374
1 0.2648858677011968 0.614478325913613 0.03110615626060227 0.07437275187145502
1 0.40164182323615966 0.5826588213250122 0.019950401451278844 0.06246934036325816
1 0.4032936032732266 0.6578851928670366 0.02049603847458741 0.09024711814103593
1 0.46859122105924145 0.6793056619162179 0.02049603847458741 0.09024711814103593
1 0.4655406321291672 0.5956327712698478 0.020223219962933213 0.07635822925214705
1 0.4978074951058586 0.6257874502388828 0.023730165879248942 0.09602904523861595
0 0.41871521743104445 0.8286878665636281 0.03305060217691817 0.09393038208691186
0 0.42278266933781017 0.9375588941943824 0.03688493030721922 0.12488221161123521
0 0.29084318857510383 0.8861864857783025 0.04587798439090331 0.11150253492167635
0 0.3285465744172861 0.7192321282961275 0.04280754809323426 0.11405394115742966
0 0.5078124337657804 0.9130304190601164 0.03515873920022692 0.12182134563570154
0 0.5568154181566838 0.8080926588571509 0.03488592068857255 0.10793245674681265
0 0.507366033580446 0.5374644902050553 0.028035719962933213 0.0769241581072082
1 0.48307536171074705 0.49954240675774814 0.015426592558271324 0.07046311638355465
1 0.5563491706037546 0.5131954713286573 0.015535719962933214 0.0760186719391102
1 0.5735019542690185 0.436549551261002 0.018606156260602268 0.07346726570335704
0 0.5696874735063122 0.3917655495035209 0.0183333377489479 0.059578376814468155
0 0.6440475780454831 0.5890915047208001 0.02965278366526398 0.07981512165599819
1 0.6592013520921002 0.5345546211043548 0.018169646641955417 0.051245043481134823
1 0.6733184157944311 0.5327955152656872 0.015590283665263983 0.07879644971688814
1 0.6928670239617991 0.5731558191777354 0.015372028855940556 0.06768533860577704
1 0.5641169974681113 0.9143273290387798 0.04097222958158007 0.10005186649752855
1 0.666135854454353 0.8187934406057862 0.018933538474587407 0.0901339323700237
1 0.6910267270496913 0.8261599684975377 0.022058538474587407 0.09036030391204816
0 0.7171725647986392 0.7696376075004003 0.032033739200226743 0.12159497409367709
0 0.7360515395708958 0.684771539870424 0.03321429328391083 0.10226371542024519
0 0.6928471765942043 0.6538245605043033 0.03919147477225664 0.08882756961540521
0 0.7433679878494643 0.9456033241726567 0.04129961179556503 0.10879335165468673
1 0.7625594758685649 0.6894734757554102 0.019950401451278844 0.06246934036325816
1 0.776185466249918 0.7127143699167425 0.024583337748947897 0.06003111989851707
1 0.7863045107149552 0.7551733369804949 0.021785719962933037 0.07647141502315928
1 0.8019493580825501 0.6756364533640498 0.021622028855940556 0.06813808168982595
1 0.8743154314035276 0.6558429988306133 0.01887897477225664 0.08735615459224594
1 0.72920631724571 0.4756459061400049 0.021676592558271323 0.07091585946760372
0 0.8282191922033009 0.7721182416867148 0.05643353847458741 0.0928503908743178
0 0.8093104794967619 0.5398648995659754 0.03768353847458741 0.09149216162217076
0 0.7968501742319516 0.37762193074474176 0.03439484736759475 0.08293245674681281
0 0.8287350912923269 0.4272210541582213 0.0194593281303014 0.037469340363258156
1 0.8215575083527025 0.47399053329639446 0.021349210344286364 0.054249192800937054
1 0.8422519542690186 0.45601750387510925 0.013373019237293704 0.04534993061254242
1 0.7562946069014236 0.5304610277960032 0.011810519237293704 0.045236744841530195
1 0.8442311165200704 0.5145772087504671 0.02345734736759475 0.08214015634972706