0 0.2217807415624795 0.1429257771756724 0.027762901451278844 0.06358592291058807
0 0.19237097224036778 0.7667493482093208 0.06440972958157998 0.1030453088092271
0 0.360783699459695 0.37119934469222854 0.02965278366526398 0.08039816674192982
0 0.09482136044480272 0.8895184441433919 0.06791667549789593 0.12278090758302117
1 0.7104612956461634 0.11680456907680603 0.022748019237293703 0.04648252474989607
1 0.4946031718696989 0.007918306448575258 0.01973214664195542 0.015836612897150517
0 0.00703125 0.016666666666666666 0.0140625 0.03333333333333333
0 0.3686011778601487 0.1320193014739894 0.020114092558271412 0.07119137042054582
1 0.2914731934692453 0.24734033871172825 0.021240082939624472 0.04911472536299873
0 0.33301090744172857 0.03829093120396996 0.01967758293962447 0.04896914819832359
0 0.22555552758999617 0.3477534469078524 0.03277778366526398 0.08068932107128006
0 0.2926587259533829 0.028187048596634044 0.01967758293962456 0.0489691481983236
1 0.5217956105296206 0.2730171405620335 0.021458337748947898 0.06022583647410976
1 0.42276288820443486 0.07429190009725777 0.01671627404661713 0.0570113272023067
1 0.32132438457623785 0.2362410392495677 0.022638891832631992 0.04092696919434044
0 0.3918650299522489 0.6150732921269232 0.04593254809323426 0.11518727172201422
1 0.32934518258465406 0.7013063571048082 0.04533234736759484 0.08463171616645866
1 0.33880946262172096 0.7752873169520825 0.03757441106992569 0.08668160812086083
1 0.3763640263240518 0.7690156872221018 0.03666667549789597 0.11986936428951936
1 0.43003466334736035 0.7362882858453702 0.033377984390903316 0.11124487662683546
1 0.29336798784946444 0.8654745886740968 0.02954365626060227 0.07484261118637442
1 0.3159870323145016 0.9049575978706366 0.03143353847458741 0.09165485501771589
1 0.3438392138028473 0.9162260977953736 0.037847229581579975 0.10057049700974971
1 0.47725191452848675 0.8732964832424333 0.03165179328391084 0.102765966128827
1 0.5522717618960815 0.7858988009471473 0.058541675497895976 0.12190744459497074
1 0.6627727522774347 0.7977850444774365 0.043933538474587405 0.09281947233511686
1 0.6177677871238251 0.8657500939772285 0.05934028366526398 0.08316413287075698
1 0.6370435767795388 0.9166353686142297 0.043060519237293704 0.048375027890672426
1 0.636289641747814 0.4786199427133915 0.028417665879248943 0.09691925624392152
1 0.6614533328548065 0.46795737474525634 0.026909729581580066 0.09955145685702402
1 0.6932291225105203 0.5176780320648567 0.026964293283910833 0.1023292346348018
1 0.6960068929289404 0.6144635227930536 0.03935516587924912 0.09793829639664722
1 0.7444642402965351 0.5295406522972446 0.025401793283910835 0.10218365747012667
0 0.7782390395708958 0.5568935102299476 0.041572430307219396 0.13141720689465566
1 0.5124007631620259 0.3543005819409647 0.026309528855940557 0.06899590130146854
1 0.405679537208643 0.30878985074799203 0.03650298439090331 0.11153603095618586
0 0.34377973793428246 0.28405738177944106 0.03434028366526398 0.08083489823595519
1 0.30589779201796646 0.30699567817608825 0.02329365626060227 0.07426030252767385
1 0.28725691942262815 0.30318704859663403 0.02496528366526398 0.07996143524790446
1 0.3229216009109739 0.3137276626979953 0.023730165879249122 0.09648252474989608
0 0.22864581125526015 0.2698300919653995 0.031215283665263983 0.08054374390660494
0 0.19120037495759099 0.27054616613982446 0.033159729581579936 0.1001337655157245
0 0.7248313304925539 0.1792376863189438 0.035684528855940555 0.06986936428951919
1 0.5949652704184201 0.041611745316328504 0.012192465153609788 0.0649079290416147
1 0.6106448341207509 0.03737819589179959 0.013864092558271323 0.07060906176184535
1 0.6232539615254126 0.03287209407637656 0.009176592558271324 0.06574418815275312
1 0.6325743978230818 0.03459148449802211 0.012356156260602269 0.06918296899604422
1 0.6680753882044349 0.051436285243264795 0.015372028855940556 0.06797686114874268
1 0.6688392800370669 0.01559263028431596 0.013209328130301045 0.03118526056863192
1 0.6841368978230817 0.03080057239199383 0.012247028855940556 0.06160114478398766
1 0.6981993978230817 0.027367697373178037 0.01202877404661713 0.054735394746356074
1 0.6941666622510521 0.005327446606799708 0.010029764427970277 0.010654893213599416
0 0.6521428533580446 0.008754415801140203 0.01359127404661713 0.017508831602280405
1 0.5892063437393977 0.021973442887802824 0.008849210344286363 0.04394688577560565
1 0.5977827355720298 0.0008489552251192597 0.011865082939624471 0.0016979104502385194
1 0.5805406718696988 0.005085457561885834 0.01046627404661713 0.010170915123771667
1 0.5385714266790222 0.0002154877140617659 0.015044646641955418 0.0004309754281235318
1 0.430104162251052 0.024645950048628882 0.013700401451278843 0.049291900097257764
1 0.44400297114405946 0.029546408363146422 0.013809528855940556 0.059092816726292845
1 0.2901487956461635 0.1559648263744118 0.03623016587924912 0.09764714206729694