0 0.3378719891154088 0.49065146389120873 0.028199411069925694 0.0858081451328104
0 0.3474404181566838 0.8004405688712931 0.031324411069925694 0.08609929946216034
0 0.1614086597191633 0.9455824855517065 0.0443154843909034 0.108835028896587
0 0.2324900299522489 0.6756333926317708 0.05171132213985139 0.1711795587715953
0 0.4966070936545798 0.6974581556840873 0.03041667549789597 0.11928705563081886
1 0.29908728602751666 0.23379752550252775 0.016825401451278844 0.06256688275786225
0 0.09950886044480271 0.9109182873506335 0.07002481252120449 0.1507042625254744
1 0.23900787006344956 0.9016524327844966 0.028363102176918266 0.09414147846614375
0 0.4545882631620259 0.4458686185216117 0.022003974772256463 0.0880036142518877
0 0.36500495190676574 0.14532174480976298 0.019786710344286185 0.05452470375387916
0 0.4224801128918735 0.6460260073352374 0.02685516587924912 0.09677367907924624
0 0.27309027041842004 0.12284380320504237 0.021458337748947898 0.06022583647410984
1 0.6116418497298476 0.26013518065977287 0.01359127404661713 0.056720172872956456
1 0.2694295239617991 0.5482805346990677 0.05218254809323426 0.1157695803807147
1 0.5299007764088699 0.2775651680966669 0.01482639183263199 0.04019908337096491
0 0.28800096388766533 0.39973630634581886 0.03434028366526398 0.08083489823595519
0 0.4607092883897693 0.5327076154560982 0.026746038474587407 0.09121812352369084
0 0.2434176393855613 0.2787023247388988 0.02151290145127884 0.06300361425188762
0 0.44345235572029723 0.3752595567597663 0.022693455534962936 0.04370474697211822
0 0.6222916622510521 0.11641862203870398 0.019568455534962937 0.043413592642768055
0 0.10268849038135315 0.03183031509077977 0.048983137023308566 0.032290669882706326
0 0.17591264773826376 0.6870592813701333 0.03639385698624169 0.10598047540063046
1 0.448596212706539 0.2727729333113388 0.01795139183263199 0.040490237700315075
0 0.42891365136646087 0.5575738499403737 0.02658234736759475 0.08288479019035751
0 0.3455902306778883 0.6555593929328235 0.02998016587924912 0.09706483340859648
0 0.33814978602751666 0.23743695461940562 0.01715278366526398 0.07923354942452893
0 0.22826386533894416 0.33294768581237827 0.02173115626060227 0.07411472536299873
0 0.1577231537287135 0.8161590652789376 0.03822917549789597 0.12001494145419415
1 0.5169841141578179 0.21792164028125754 0.013427582939624472 0.04838683953962312
0 0.40516861652007047 0.49135572641668307 0.02156746515360979 0.06578139202966547
0 0.507559462621721 0.8571016834994967 0.03537699400955034 0.1336126760137328
1 0.6794295504554869 0.23583944318524724 0.016498019237293705 0.045900216091195586
0 0.7604910335804459 0.5717695421848314 0.02016865626060227 0.07396914819832369
1 0.49721227278067276 0.4275769797456175 0.01720734736759475 0.08201132720230678
0 0.6449851177860149 0.07679003567748893 0.011592264427970279 0.03435237348605915
1 0.40162695426901845 0.4325856615893244 0.021294646641955416 0.051892503140776584
1 0.5327182415624796 0.21382185637245313 0.012083337748947898 0.05935237348605911
1 0.5897866970974424 0.1773959676340906 0.010411710344286363 0.05365124076582847
1 0.8596378617107472 0.5448297924482526 0.040699411069925875 0.08697276245021122
0 0.38753962850097007 0.7513022202103934 0.033541675497895974 0.11957820996016912
0 0.5618154314035276 0.6450934861024337 0.04280754809323426 0.11489611739266398
1 0.21235609002638264 0.8240320438203445 0.02496528366526398 0.07996143524790461
1 0.43062995190676573 0.1514359857261178 0.01515377404661713 0.05686575003763158
1 0.2744146682415018 0.21480162420105928 0.0215674651536097 0.06578139202966532
1 0.7184325083527024 0.4815822704628171 0.027599210344286362 0.05525258957725469
0 0.7730654446503716 0.4894552490042239 0.03110615626060227 0.07498818835104938
0 0.5982738088930075 0.06408938740390216 0.020585318511654193 0.01578139202966536
0 0.7214830972827768 0.5653523352901757 0.023402783665263983 0.07981585808322948
1 0.39906246025946823 0.56314121714488 0.02173115626060227 0.0741147253629988
0 0.23073901307720787 0.9920591044771273 0.03664682813030114 0.01588179104574547
0 0.493908712706539 0.27699467108691705 0.02625496515360979 0.06621812352369069
1 0.5741071333951115 0.17871797376511722 0.012192465153609788 0.06490792904161474
1 0.32679562377646465 0.17793900396867138 0.0215674651536097 0.0657813920296654
1 0.3055356934692453 0.30396985577034774 0.021349210344286183 0.05467028091855429
1 0.29545136533894417 0.3392075038934082 0.015099210344286273 0.05408797225985388
1 0.3535019675158624 0.25278161515504566 0.010084328130301135 0.036984574099161845
1 0.38006446751586237 0.2552564269545226 0.010084328130301135 0.036984574099161845
1 0.36254958530187725 0.270321744809763 0.015372028855940556 0.06797686114874268
1 0.35402775717157614 0.30570497009749853 0.015262901451278843 0.062421305593187135
1 0.3744493845762379 0.3020419176827195 0.01671627404661713 0.0570113272023067
1 0.373248983124959 0.36315302879383055 0.032668656260602266 0.07513376551572451
1 0.4108233941948846 0.28316797024802487 0.01822421034428636 0.05437912658920404
1 0.39983133049255387 0.2849267078730769 0.013154764427970278 0.03449795065073431
1 0.40520831125526013 0.32995346097622175 0.01488095553496276 0.04297686114874269
0 0.3962549519067658 0.14823328810326528 0.0215674651536097 0.0657813920296654
0 0.4556845156090967 0.15098744258314187 0.019786710344286362 0.05452470375387916
0 0.49589285335804456 0.09629353836668639 0.01973214664195542 0.051746925976101386
0 0.3364037475529293 0.3263258435082945 0.02452877404661713 0.05773921302568223
0 0.3081745323145016 0.9516209849734862 0.04927580290255769 0.09675803005302758
1 0.1967658063611187 0.9004996271160464 0.035739092558271415 0.07264714206729714
1 0.18062988567254618 0.9948457409916179 0.025545637023308566 0.01030851801676407
0 0.3333134638876653 0.40395804412139713 0.02345734736759484 0.08259363586100726
1 0.42677577640886977 0.26795707522810935 0.01611607332097762 0.02645577164675114
1 0.43215275717157614 0.31298382833125427 0.012465283665263982 0.07879681793050364
1 0.449012874957591 0.3312518438093472 0.013373019237293704 0.04560906176184534
1 0.47050592904127503 0.3527343685592432 0.013973219962933214 0.07616461731740097
1 0.4873660468272899 0.37100238403733615 0.013809528855940556 0.06783128398406764
1 0.4885118845762378 0.3126690507040028 0.019459328130301046 0.03785803708721242
1 0.5166368845762378 0.31528943966815487 0.01455357332097762 0.02631019448207602
0 0.5205952090783419 0.432538414993522 0.02501984736759475 0.08273921302568223
1 0.5447221898410481 0.4793120940727683 0.021949411069925696 0.08522583647410992
1 0.5125843016366133 0.3622205075610269 0.01515377404661713 0.056865750037631654
1 0.5488491838505984 0.34890211568188784 0.01359127404661713 0.056720172872956456
1 0.5692708112552601 0.3452390632671088 0.012465283665263982 0.07879681793050364
0 0.5384374735063122 0.40080643047161496 0.02016865626060227 0.07396914819832354
0 0.5724702223251859 0.26205130709845054 0.013809528855940556 0.06783128398406757
1 0.5442360949205242 0.26498647368985406 0.015317465153609789 0.06519908337096499
1 0.5839533593484945 0.23529256947339855 0.010138891832631813 0.03976235187693962
1 0.5937648689671412 0.21394381023922707 0.010138891832631992 0.03976235187693962
1 0.6037003749575909 0.3456639831121835 0.010739092558271324 0.07031790743249518
1 0.6189979927436058 0.3637864214256013 0.013754965153609789 0.06505350620628987
1 0.6050247727806728 0.43762180410820045 0.015590283665263983 0.07908797225985388
1 0.6185416357573642 0.4667097763680542 0.010902783665263982 0.07865124076582851
1 0.6391269542690184 0.45471339061994187 0.012137901451278844 0.06213015126383697
1 0.6570039350317248 0.5009047610404876 0.014300602176918175 0.09283128398406765
1 0.6808233809480407 0.48364397406617 0.01575397477225664 0.08742130559318721
1 0.6999007631620259 0.46872423337560465 0.013864092558271323 0.07060906176184542
1 0.6767757764088699 0.29124942157612765 0.01827877404661713 0.05715690436698182
1 0.6545188304925539 0.30865578571512053 0.011974210344286362 0.05379681793050363
1 0.6405654578972155 0.30179003567748897 0.01310020072563951 0.03172017287295653
1 0.6277926393855612 0.3145143072489769 0.014990082939624472 0.04853241670429824
1 0.6415277571715762 0.33249116839771964 0.010138891832631992 0.03976235187693962
1 0.6649106934692453 0.33745260364562407 0.013373019237293704 0.04560906176184542
1 0.7102231934692453 0.3416743414212024 0.01655258293962447 0.04867799386897336
1 0.6836606934692453 0.33919952962172545 0.013482146641955416 0.051164617317400976
1 0.655610104539171 0.25310023015956495 0.019950401451278667 0.06285803708721242
1 0.6395684422881189 0.19316554801480537 0.01827877404661713 0.05715690436698182
0 0.6229811430137584 0.16100864364782355 0.013209328130301045 0.03727572842851201
0 0.6175297511811264 0.1994608010426871 0.018115082939624473 0.04882357103364849
0 0.5953620853018773 0.29201274234635505 0.01482639183263199 0.04019908337096491
0 0.6390376742319516 0.37956781345526674 0.010302582939624471 0.04809568521027296
0 0.655679537208643 0.4089469400444707 0.01827877404661713 0.0571569043669819
0 0.6920535468272899 0.3900729926097761 0.020114092558271325 0.07119137042054591
0 0.7095882764088699 0.29430654203430506 0.021294646641955416 0.05189250314077651
0 0.7270287475529293 0.3627201346770731 0.019623019237293704 0.04619137042054591
0 0.7304612823993196 0.4270457550599873 0.02469246515360961 0.06607254635901556
0 0.7620932283156356 0.4105128539090452 0.023239092558271324 0.071482524749896
0 0.7420733941948847 0.31403032915914914 0.01984127404661713 0.05730248153165694
0 0.7724156586228549 0.283462961954643 0.01671627404661713 0.0570113272023067
0 0.6637896814883458 0.07575918387581253 0.01299107332097762 0.02616461731740092
0 0.6629712259533829 0.11742585054247918 0.016443455534962938 0.04312243831341781
0 0.6765426526324052 0.1437360450245552 0.019459328130301046 0.0378580370872125
0 0.6604811430137584 0.1645024956000263 0.021130955534962935 0.043559169807443135
0 0.7518501874787955 0.21475821498252473 0.014608137023308565 0.0290879722598538
1 0.6659672511811264 0.20397369314761565 0.014880955534962936 0.04297686114874269
1 0.7260317319438327 0.2540956470143895 0.01348214664195524 0.0511646173174009
1 0.7402033593484945 0.24985028594091002 0.013700401451278665 0.062275728428512006
1 0.7574255756832304 0.3293749896947892 0.009067465153609788 0.06461677471226442
1 0.7811706105296208 0.39559311321847984 0.015481156260602268 0.07353241670429832
1 0.8015922379342826 0.39193006080370085 0.01682540145127902 0.06256688275786233
1 0.8047519542690186 0.470144570075504 0.018660719962932858 0.07660134881142634
1 0.8236110816736801 0.46633594049604976 0.015644847367595104 0.08186575003763165
0 0.4043352920179665 0.3743979054206662 0.01956845553496276 0.04341359264276813
1 0.4496676393855612 0.29791851047601386 0.012881945916316084 0.02060906176184534