0 0.0953125 0.9194444444444444 0.0703125 0.15833333333333333
0 0.1515625 0.8972222222222223 0.065625 0.14722222222222223
0 0.4078125 0.9277777777777778 0.0421875 0.125
0 0.4828125 0.6777777777777778 0.040625 0.10833333333333334
1 0.934375 0.9722222222222222 0.0578125 0.05555555555555555
0 0.3265625 0.10277777777777777 0.021875 0.06388888888888888
0 0.234375 0.013888888888888888 0.0296875 0.025
0 0.0140625 0.016666666666666666 0.0265625 0.030555555555555555
0 0.628125 0.05277777777777778 0.015625 0.06944444444444445
1 0.2609375 0.041666666666666664 0.015625 0.058333333333333334
1 0.35625 0.05 0.0125 0.06111111111111111
1 0.375 0.05277777777777778 0.0140625 0.06666666666666667
1 0.3921875 0.04722222222222222 0.0125 0.058333333333333334
1 0.41875 0.15555555555555556 0.01875 0.06388888888888888
1 0.440625 0.013888888888888888 0.0109375 0.027777777777777776
1 0.4703125 0.03333333333333333 0.0140625 0.06111111111111111
1 0.4890625 0.05 0.0109375 0.058333333333333334