0 0.21168037476928733 0.12577825872181125 0.025740479641934398 0.06680250605320184
0 0.19697752467700227 0.1884432989872226 0.03365310919158371 0.07055148955241725
0 0.7368668352897738 0.616321432698797 0.0465932001845701 0.12746673311798545
0 0.2588815376338123 0.6287312417728461 0.04755492288667416 0.11099430759560644
1 0.4358001927833145 0.20853016276694314 0.019290220542635694 0.06046998592049609
0 0.2531669679217421 0.1399781922704924 0.0226154796419344 0.06641402376462674
1 0.2135246745847172 0.24722351636688336 0.01692668414544123 0.038053522553986356
1 0.579454853488371 0.6248286771607263 0.02634125693983034 0.08346917271986835
1 0.33287784700996614 0.43148998367959357 0.026902461443337168 0.05588563608637824
0 0.2761643769287557 0.1924258895174475 0.028665220542635695 0.0616354327862213
0 0.2145679380029525 0.39089099623417767 0.030628238741233015 0.07294078504161992
0 0.6732396360280543 0.13753308331285963 0.017727720542635696 0.060275744776208624
0 0.6143119124030996 0.7366393152202048 0.055828497840531635 0.08160419890577594
0 0.4416077066629751 0.04741905165583204 0.018789572794389107 0.04658109703160728
1 0.46498464990771493 0.013016097884256148 0.014102072794389109 0.026032195768512296
1 0.23922797655961542 0.4403666745590674 0.02045220234403846 0.04955311595367265
1 0.41666826341823526 0.09199933548681163 0.019190090992986342 0.057692208142718394
0 0.08328315546326928 0.8828483775449449 0.07159320018457013 0.13057459142658623
1 0.40080343152454756 0.14374750578539938 0.015264054595791877 0.03508150363192111
1 0.6636271992617194 0.4041997499795263 0.031790220542635694 0.06202391507479648
1 0.33682486736803174 0.49460190799133225 0.02135336829088228 0.07455311595367264
1 0.4329731863049095 0.0067222965659418715 0.014502590992986342 0.013444593131883743
0 0.19263717150239823 0.783528868622282 0.04266716378737554 0.1048560286071882
1 0.7976064713178281 0.8299970445723679 0.04040375693983034 0.08521734301845608
1 0.6123441039497963 0.3165537455851454 0.024678627390180986 0.08049715379780321
0 0.5023449475636765 0.04539920258417396 0.0132404796419344 0.0652485768989016
0 0.1775871745847172 0.25169106268549657 0.021153109191583707 0.0689975603981171
1 0.5927301156699887 0.08393897507120976 0.014802979641934399 0.06544281804318912
1 0.5626211135105204 0.020737830442015992 0.012940090992986342 0.041475660884031984
0 0.2759827066629751 0.0680086129503101 0.022415220542635693 0.06085846820907121
0 0.708418067552602 0.32673301686154077 0.025940738741233104 0.07235806160875739
1 0.22765012646733035 0.5026432325359037 0.03435401603912895 0.08999593399686161
1 0.2987636628645249 0.47168015882074266 0.019089961443337168 0.054914430364940536
1 0.5952333544112218 0.022121960363147283 0.011477720542635694 0.044243920726294565
1 0.29059021746031677 0.43951227235313456 0.01818879549649317 0.029914430364940535
1 0.5962160610741968 0.1166895849716805 0.012239184145441229 0.03747079912112379
1 0.4836950771133258 0.04495231853784653 0.014001943244739934 0.0432205958209669
0 0.10356748612033936 0.1475142310109841 0.0664656091915837 0.07463055358245532
1 0.6477833513289027 0.54167054910065 0.019089961443336988 0.054914430364940536
1 0.5143095172757466 0.5333752875093776 0.031128886489479514 0.0868296739305088
1 0.6767045974713914 0.0845610643907943 0.015664572794389285 0.046192614743032205
0 0.008290510488187228 0.43416869966823585 0.016581020976374455 0.06221815621908383
0 0.6027478608896267 0.23755211918389002 0.032190738741233106 0.07313502618590752
1 0.3084204626799548 0.5921542107443771 0.02361677513842757 0.09419180154240445
1 0.2916754488002941 0.754625009865501 0.07069203423772627 0.1055745914265859
1 0.3465817967331109 0.612298182137189 0.027142293337024892 0.10569139494209073
1 0.3747067967331109 0.6088018415400135 0.03465440468807692 0.09832926733019494
1 0.3688759037652263 0.4684948628833595 0.029566386489479603 0.08663543278622146
1 0.28095440160575796 0.40476084925203615 0.027803627390180986 0.08088563608637823
1 0.2903689744001471 0.3593451990861541 0.026241127390180984 0.08069139494209072
0 0.25607072486157245 0.05942263671493687 0.0210529796419344 0.06621978262033923
1 0.2814106863049095 0.014802663461070016 0.015864831893687814 0.029605326922140032
1 0.31458413170911764 0.03279126993185385 0.014502590992986342 0.05710948470985579
1 0.3065317998154299 0.08356823450900397 0.022315090992986432 0.05808069043129343
0 0.3444718908084163 0.026841502511469776 0.017727720542635782 0.05368300502293955
1 0.36115874306016965 0.03529736893656131 0.014402461443337167 0.054331706932078006
1 0.3755216317091176 0.026933864115855938 0.016065090992986343 0.053867728231711876
0 0.3904852976559615 0.009990436172196072 0.012439443244739844 0.019980872344392143
1 0.39377098396087107 0.03677386046207876 0.0132404796419344 0.0652485768989016
1 0.47866761566998867 0.09811857860419937 0.022715609191583754 0.06919180154240452
1 0.49819766810631216 0.00601833418598222 0.011077202344038462 0.01203666837196444
1 0.5204336135105203 0.02405453033434208 0.013040220542635695 0.04810906066868416
1 0.5257824475636765 0.04248558541986103 0.014903109191583752 0.0682205958209669
1 0.5401453362126244 0.03240408178793993 0.016165220542635694 0.0600815036319211
1 0.5335343908084162 0.012166454646080856 0.012639702344038283 0.02433290929216171
1 0.552484649907715 0.009660679177538675 0.014402461443336989 0.01932135835507735
1 0.6046083544112217 0.022136560802585376 0.008452850092285047 0.04427312160517075
1 0.6148449475636765 0.03141384019547188 0.013040220542635695 0.05969302134334604
1 0.6131427452196381 0.07863606241769411 0.011477720542635694 0.05949878019905851
1 0.6180910610741968 0.11397020895165509 0.016866127390180986 0.07952594807636555
1 0.6281669679217421 0.09336031764148547 0.0132404796419344 0.06524857689890157
1 0.6392045974713915 0.089222851853695 0.014903109191583752 0.0682205958209669
1 0.6530668383720928 0.09303023711066277 0.01520349784053181 0.07655392915430023
1 0.7143652837763008 0.11859392467249497 0.022815738741233105 0.0719695793201823
1 0.7342167088224435 0.08570747538548906 0.014802979641934399 0.06544281804318912
1 0.6954941702657805 0.03797996735918704 0.014802979641934399 0.06544281804318912
1 0.7117199475636765 0.024657260246730935 0.014602720542635695 0.04931452049346187
1 0.7154061520671833 0.046565943594560275 0.012940090992986342 0.056915243565568256
1 0.7205547270210408 0.07634453457296572 0.01596496144333699 0.05452594807636554
1 0.7276057634182352 0.05334534777359337 0.010977072794389286 0.04560989131016962
0 0.6467958544112218 0.018222537037958612 0.011377590992986342 0.036445074075917225
1 0.6308099090070136 0.000492303045468138 0.00951470234403846 0.000984606090936276
1 0.6431096499077149 0.003187560690540245 0.009614831893687814 0.00637512138108049
1 0.6582340021594684 0.01337602636628559 0.011778109191583752 0.02675205273257118
0 0.6770841317091176 0.009724163439213932 0.020952850092285046 0.019448326878427864
1 0.7142465653931336 0.25134453457296574 0.03239099784053181 0.07869058174146298
1 0.6677744787190838 0.4617561187357095 0.02457849784053163 0.07771937602002545
1 0.6795339990771494 0.5238968373260106 0.02019138648947969 0.0854699859204961
1 0.456636719619785 0.49353422877008146 0.02604086829088246 0.07513583938653517
1 0.470380242137319 0.63009222392752 0.02986677513842757 0.09496876611955464
0 0.32041741980435523 0.3887937095337369 0.029065738741233017 0.07274654389733241
1 0.37147687692875564 0.18057717971590825 0.02800388648947969 0.0864411916419338
0 0.37472299043927604 0.26313354847209147 0.029466256939830338 0.08385765500844353
0 0.4001630814322625 0.204664375752223 0.029366127390180984 0.08107987723066575
1 0.6532694925987445 0.30317014250033625 0.01959060919158375 0.0688033192538295
1 0.2674740900701358 0.5198151850066502 0.030928627390180985 0.08127411837495326