0 0.2031364356338265 0.28220594257017945 0.032528276735205086 0.07283634726642386
0 0.2758312544394755 0.46163216125607753 0.03776207995351379 0.08682220326755517
1 0.7301809927874074 0.9890073689793897 0.0389203883676025 0.021985262041220546
1 0.29129199949579687 0.26734932866537037 0.023044016091543364 0.06986463526416142
0 0.3478911967816913 0.02109677756557189 0.027655106436617415 0.02832725808048455
0 0.760424775726799 0.46609654063223377 0.056184298022528625 0.07887673838319134
0 0.31888213191131476 0.5598240546007235 0.033074579953513795 0.08672523615531291
0 0.22053247720006725 0.7940927905792294 0.062007963125336296 0.18724239408727214
0 0.32188716359019837 0.682207888676683 0.03830838317182241 0.10071109215644405
1 0.28034379181834235 0.38666448362682504 0.02707595222957302 0.05329493570973701
0 0.7231318613802958 0.18176121380572927 0.02416947351689629 0.05878584652379778
0 0.40536593512962343 0.5477128961029447 0.028966234160558102 0.061660591413817974
0 0.09527039724655346 0.877682756772039 0.06719820767745462 0.12073733927434269
0 0.6104897497478985 0.14329056963005377 0.015810670298587758 0.04473534578117157
0 0.6924717232647948 0.08660567720484076 0.0331074309422494 0.04786866963717138
0 0.22092523315215198 0.4660564338354721 0.02951253737886681 0.07554948030270686
1 0.24482191903808004 0.6138927811018959 0.04633940445914595 0.10642825956573682
0 0.4170139932916106 0.72865632010747 0.03987088317182241 0.1007434145271917
0 0.33432073365635506 0.20707859919369317 0.020028276735205085 0.07257776830044425
1 0.568160138115501 0.10627443213801385 0.016356973516896467 0.05862423467006046
1 0.3225527071732515 0.14845436452363273 0.023044016091543364 0.06986463526416142
0 0.171821461612727 0.6012625185656545 0.047464861884498964 0.09534947082537333
1 0.2537919994957969 0.2665735917674314 0.022825494804219915 0.06430907970860586
1 0.42172218069014794 0.09212501817664175 0.023841691585911207 0.050452513190464406
1 0.5978590737493275 0.38489259155522554 0.02013753737886681 0.07535554607822204
0 0.33042020147326834 0.34599981045332956 0.031293558666190255 0.0811373582290098
0 0.5292504574253531 0.022068394794499166 0.02576482450563198 0.019961602376403764
1 0.47257485048453257 0.3100199349317118 0.01991901609154336 0.06979999052266647
0 0.30915793462542035 0.8070462768229457 0.03409077673520518 0.07286866963717134
1 0.4153522123690315 0.2143149180281165 0.01781021287323483 0.055878779263030115
1 0.6572883400929724 0.1859592297898916 0.02184214901126431 0.039309079708605865
1 0.8974441744859616 0.5606722206661716 0.04568384059717552 0.08976159289907015
1 0.8253285098873571 0.4062783243510209 0.023732430942249395 0.04767473541268651
1 0.5646530898408709 0.31470473258358955 0.019044930942249395 0.04757776830044425
1 0.39518255195780094 0.647583606619955 0.020574579953513705 0.08646665718933313
0 0.43803632349722593 0.5122482324067827 0.025262079953513705 0.08656362430157556
1 0.590472180690148 0.09561583421736713 0.010686127723940864 0.03352726755781808
1 0.563702595036651 0.3786259438432259 0.016684755447881727 0.06695756800339375
1 0.6062835789451075 0.4490077370393466 0.01737317029858776 0.044767668151919
0 0.7469635732451245 0.6493005844825772 0.03173060124083733 0.09224846934012085
0 0.7013332710352219 0.13960971157785074 0.022279191585911205 0.05042019081971694
1 0.6071141054282112 0.5074057151141749 0.022934755447881726 0.06708685748638364
0 0.43879044032540354 0.6123451995190251 0.027370883171822413 0.10048483556121192
0 0.36423819057750506 0.4801412030553493 0.022574122528160778 0.09761009067119172
0 0.3635940623493611 0.7748119040950259 0.03972877153942509 0.13682220326755518
1 0.46017267549436786 0.02897954381494438 0.0170453883676025 0.03643433481858568
1 0.5192748878633995 0.2359249613126406 0.016356973516896467 0.05862423467006042
1 0.438189142807078 0.4288502543319546 0.023044016091543364 0.06986463526416142
1 0.7258641054282112 0.5098622152909816 0.02082595222957302 0.05316564622674728
0 0.6130355955408542 0.11832289200080122 0.01003056386197052 0.016860600891151416
1 0.6181822814267821 0.26577137081825564 0.016138452229573018 0.053068679114504864
1 0.6692641801859448 0.3585693204610833 0.01715464901126431 0.039212112596363445
0 0.5204110529662072 0.12752698323781236 0.014794473516896467 0.05859191229931299
0 0.26162591485070613 0.027652380507795064 0.01893567029858776 0.04479999052266648
0 0.41209580841408877 0.058565428248076215 0.025294930942249393 0.04770705778343408
0 0.6245629574253531 0.024040059410094072 0.02888982450563198 0.020026247117898677
0 0.6179087658394419 0.0739430922978517 0.017263909654926125 0.04198989037414123
0 0.644722638115501 0.10785822830463927 0.013559755447881728 0.06689292326189886
0 0.6442198935633826 0.04112691689647769 0.014357430942249394 0.047480801188201874
0 0.6591893297014122 0.05811680727061892 0.013013452229573019 0.05300403437300998
0 0.6736888722760591 0.04729659749623493 0.012904191585911207 0.0502262565952322
1 0.349257318805649 0.18514727830819808 0.016029191585911207 0.05029090133672709
1 0.36433601558734025 0.19935939090456153 0.014357430942249571 0.04748080118820184
1 0.3537591485070612 0.22972101223563232 0.021481516091543362 0.06983231289341395
1 0.3787919994957969 0.269159381427228 0.030419473516896466 0.058915136006787584
1 0.3806165794493107 0.18301594794536943 0.018170845792955602 0.02535554607822203
1 0.28532622276059183 0.3395069061460977 0.023623170298587758 0.04489695763490889
1 0.39477763241551783 0.3000704830610056 0.010358345792955604 0.02519393422448475
1 0.3934993556803127 0.3723250276539752 0.026496798022528623 0.07826261333898969
1 0.4079331962774882 0.28366239536031856 0.0186078883676025 0.03646665718933314
1 0.4019345685535474 0.31689876158140956 0.01838936708027905 0.030911101633777586
1 0.4249350259789004 0.3284947082537325 0.011920845792955603 0.025226256595232224
1 0.44121558984087084 0.31215126529454046 0.022825494804219915 0.06430907970860586
1 0.43299889825495963 0.36202197581155054 0.016029191585911207 0.05029090133672709
1 0.4517488982549597 0.3624098442605201 0.02082595222957302 0.05316564622674728
1 0.47632256335776735 0.2544967017469037 0.015155106436617416 0.028068679114504867
1 0.48468136657607597 0.2407694247117521 0.015155106436617416 0.028068679114504867
0 0.4990716485070612 0.23272699271514585 0.021372255447881728 0.06705453511563617
0 0.5098563291972091 0.3163512273852064 0.014466691585911207 0.050258578965979614
0 0.4862660098873571 0.3992643698988227 0.02104447351689629 0.058721201782302834
0 0.5389539673127102 0.4114744416153474 0.021372255447881728 0.06705453511563617
0 0.4106432970141224 0.45330077402924773 0.02951253737886681 0.07554948030270686
0 0.4759405150831372 0.4629916469339743 0.023481058666190435 0.08097574637527252
0 0.5171446692901815 0.48886435094415565 0.02326253737886681 0.07542019081971697
0 0.493772871267653 0.5662219379022164 0.03808986188449896 0.0951555366008885
0 0.46408537126765304 0.5656078128580149 0.02849634059717552 0.08940604682084811
0 0.3176152908099361 0.9100826335667033 0.03071440445914595 0.1061050358582621
0 0.36521155664937793 0.9679372658250078 0.026278276735205174 0.06412546834998428
0 0.2656157482352892 0.9201271064431482 0.03994729282674854 0.14237775882311074
0 0.15371631779724276 0.7037493950067051 0.033511622528160735 0.09783634726642387
0 0.2763889932916106 0.7257473067401987 0.026791728964778015 0.1254525131904643
1 0.1955874715000841 0.9883736770634332 0.03234260643661733 0.023252645873133637
1 0.16234863660289173 0.8818503964919575 0.05127827673520509 0.07322421571539336
1 0.15169535986768662 0.9539110068604424 0.04346577673520509 0.07306260386165617
0 0.2222035098873571 0.39380188924250237 0.029075494804219913 0.06443836919159575
0 0.3293932970141224 0.45162001075038 0.032746798022528625 0.07839190282197943
1 0.39381642993384325 0.48353310587732873 0.026496798022528623 0.07826261333898969
1 0.5358182596352556 0.5309512084305393 0.0288241225281606 0.09773938015418146
0 0.9158778281888029 0.8473974568214844 0.06443384059717552 0.0901494613480398
0 0.8459038177972428 0.7180682052478288 0.050229228964778015 0.1259373487516762
0 0.8330538925549765 0.5676803367988592 0.06955838317182242 0.10135753957139318
0 0.7304202014732684 0.3542743373646786 0.027512994804219915 0.06440604682084812
0 0.6633312544394754 0.46964810920144706 0.029294016091543362 0.0699939247471513
0 0.6315785098873571 0.40227035037833625 0.023371798022528624 0.07819796859749475
0 0.7070591111281944 0.31209051276605265 0.02024679802252862 0.0781333238559998
0 0.7320262601394586 0.2736864594383756 0.02827781930985207 0.08385049126529265
0 0.8033878079098857 0.3279833886412839 0.03165419158591121 0.050614125044201645
0 0.7820262601394588 0.2747207753022943 0.019372712873234832 0.055911101633777584
0 0.709681366576076 0.24542384609938597 0.02082595222957302 0.05316564622674728
0 0.6868665794493107 0.18935113261187111 0.02206067029858776 0.044864635264161415
0 0.6032128452887525 0.2487814804441144 0.019481973516896466 0.058688879411555366
0 0.610194818805649 0.19054511422302345 0.01871714901126431 0.03924443496711092
0 0.5547096433112811 0.16993706443167053 0.022716234160558103 0.061531301930828085
0 0.6817970311746805 0.3977491106866994 0.026278276735204997 0.07270705778343414
1 0.6982747009690653 0.6149329352853253 0.028933383171822414 0.10051715793195923
1 0.8369872757267988 0.4676803367988592 0.01835651609154354 0.06976766815191901
1 0.8957502705310187 0.40495505325687875 0.02249771287323483 0.05597574637527253
1 0.8575182970141224 0.46254497206302053 0.014106058666190436 0.0807818121507877
1 0.8777215363704606 0.4657429406605153 0.01646623416055846 0.061402012447838196
1 0.7885933343929892 0.38605814300863756 0.02326253737886681 0.07542019081971697
1 0.8146859408296067 0.3587975231628191 0.020935212873234833 0.05594342400452506
1 0.7094414299338434 0.4900622247683152 0.02202781930985189 0.08372120178230283
1 0.6947233660718729 0.5064379900982546 0.02170003737886681 0.0753878684489695
1 0.6716464989915938 0.5365410324633458 0.0256991225281606 0.09767473541268666
1 0.6329881905775051 0.4857006508239119 0.025371340597175517 0.08934140207935318
1 0.6521859408296067 0.3554359966050835 0.01366901609154354 0.06967070103967658
1 0.6425595685535475 0.32187640667651796 0.014794473516896467 0.058591912299312945
1 0.5092664673127102 0.4108603165711457 0.01890281930985207 0.08365655704080789
1 0.5367794621169301 0.3474885856142161 0.019481973516896466 0.058688879411555366
1 0.5194827014732682 0.3499108173137718 0.022169930942249394 0.0476424130419392
1 0.5278086537028412 0.2972623290189839 0.01457595222957302 0.053036356743757396
1 0.5487767175648117 0.2810158531720342 0.011560212873234655 0.05574948978004031
1 0.5387133027141056 0.25856737435457977 0.01213936708027905 0.030781812150787777
1 0.5449304517253699 0.21977545257793324 0.015919930942249395 0.04751312355894931
0 0.5839929517253699 0.2205835118466197 0.020607430942249393 0.04761009067119172
1 0.5860360529662072 0.12888452280920554 0.011702324505632156 0.019670701039676667
1 0.5813814039549429 0.16770876695659953 0.014357430942249571 0.047480801188201915
1 0.5727605207831203 0.2676117998443572 0.019700494804219915 0.06424443496711092
1 0.6546767923225454 0.13308448489987146 0.013122712873234832 0.05578181215078778
1 0.6681929891042367 0.14726427512548745 0.014903734160558102 0.061369690077090804
1 0.6439142549436785 0.20792287304613422 0.013811127723940863 0.03359191229931295
1 0.6455096059324144 0.24687640667651797 0.014903734160558102 0.06136969007709073
1 0.6670568240014291 0.25566225320031577 0.013341234160558102 0.06133736770634325
1 0.6860253452887525 0.25049456609372966 0.014794473516896467 0.058591912299312945
1 0.679043371771856 0.3087309323148206 0.01926345222957302 0.05313332385599981
1 0.6251535472662239 0.32707641615385147 0.016684755447881727 0.06695756800339375
1 0.7504156272197378 0.24348644996104207 0.015919930942249395 0.04751312355894931
1 0.7644781272197377 0.2437773512977692 0.014685212873234831 0.05581413452153525
1 0.7698868930591796 0.3050500742626176 0.015231516091543362 0.06970302341042406
0 0.7545896749901647 0.2963935172218097 0.017263909654926125 0.04198989037414123
1 0.3776336910817081 0.21909473668573307 0.0139203883676025 0.036369690077090726
0 0.7989295368746637 0.20278945441679916 0.02184214901126431 0.039309079708605865