0 0.37384422249741 0.21351916295636042 0.025111315963434678 0.06510126506549373
0 0.17900691149637402 0.28111298085065767 0.030235463606069858 0.0820104069674814
0 0.2100814371369372 0.4547092294063653 0.03372433664159917 0.0960609460132509
0 0.7650899607105858 0.31697794082133396 0.02347604135632899 0.06224266220927564
0 0.6283133986760925 0.21836031740879958 0.018861315963434676 0.0647779647517325
0 0.479143844499482 0.06362136289162743 0.01849744292790536 0.05088907586284353
0 0.26962760339082215 0.16651804111263252 0.02027826674922295 0.05930323427461717
1 0.2946618366415992 0.10955873411278466 0.022059090570540542 0.06771739268639085
0 0.6251584735308674 0.39573396979437575 0.022204639784752445 0.07327294824194644
1 0.7299187481379732 0.40392702782765516 0.022131865177646405 0.0704951704641685
0 0.7731250926374551 0.44499819383443273 0.028818512820281583 0.08748513744459671
0 0.702041997104516 0.2332702072066058 0.02035104135632899 0.06208101205239495
0 0.24935795285270287 0.3457803954131429 0.027256012820281582 0.08740431236615633
0 0.5064812481379731 0.39236904161068903 0.023985463606069856 0.08168710665372
1 0.49293247849326605 0.5303688546367344 0.017988020678164497 0.03144463141839916
0 0.9290540690638067 0.6195048931098106 0.047786836641598995 0.09678837171921373
1 0.41270132299274803 0.5650548394467265 0.02271406203449331 0.09271739268639088
0 0.402714200990676 0.7198829692963192 0.03706766046291676 0.104555929503465
0 0.7476455955329393 0.24672524559248626 0.01715326674922295 0.059141584117736554
0 0.34477746071058574 0.29523599472088735 0.03499573821317572 0.08503065998058008
0 0.20809952191650952 0.9150929148115134 0.036232906533975304 0.13225288220280237
1 0.5655309164587727 0.4425817917352032 0.020569365177646404 0.07041434538572844
1 0.6661131133156196 0.469976818977606 0.024892992142117265 0.05676793173216039
0 0.47637002481199364 0.7320150813163476 0.027619885855810898 0.10129320125504522
1 0.4244948858558109 0.12182277117888694 0.015299668320799497 0.04794964792818514
0 0.7602655277074778 0.5497454986055851 0.02696491439185813 0.07629320125504523
0 0.34689654052775937 0.6143571388515705 0.032161836641599176 0.09598012093481051
1 0.5945335198495949 0.5966527707680261 0.022204639784752445 0.07327294824194629
0 0.5201585661683226 0.7953084695453476 0.03870293507002245 0.10741453235968315
0 0.7082278387085138 0.469381318317717 0.030381012820281585 0.08756596252303679
0 0.6267552067816442 0.3375622866179231 0.01693494292790554 0.05080825078440322
1 0.6036516546719485 0.5277741018726639 0.014610463606069856 0.08120215618307816
1 0.6481337088485589 0.6770977761343346 0.025766287427387447 0.09010126506549372
0 0.397179022745079 0.38948906389764426 0.02427656203449331 0.09279821776483112
0 0.6384247609582547 0.4851886342323469 0.02071491439185813 0.07596990094128399
1 0.2529239086008899 0.481891506524254 0.02852741439185813 0.07637402633348545
1 0.7454410483856422 0.5794928033767374 0.013955492142117087 0.05620215618307817
0 0.8977997609582549 0.49860559725344034 0.03157963978475209 0.07375789871258828
1 0.9934760760953745 0.5233036717965057 0.013047847809250968 0.0928790428432715
0 0.4963399607105858 0.30307602732959854 0.02227741439185813 0.07605072601972422
1 0.5072731526050338 0.184359008591117 0.014173815963434677 0.0645354895164115
1 0.554923056243525 0.5141574133299028 0.018788541356328993 0.06200018697395472
1 0.4728981526050339 0.18258085686542994 0.015736315963434677 0.06461631459485173
1 0.6190284057054057 0.6977843218661905 0.028818512820281583 0.08748513744459671
0 0.6473202638537389 0.28869383771608753 0.022131865177646405 0.07049517046416867
0 0.4336173287837163 0.17222689657108856 0.02347604135632899 0.06224266220927564
0 0.3165540690638066 0.5878214623612044 0.033797111248705033 0.09883872379102866
0 0.4677184627775004 0.6400251143359198 0.023767139784752443 0.07335377332038667
0 0.3825558664159915 0.9532745842640497 0.03572348428423426 0.09345083147190078
1 0.5497517510334573 0.19765239682011682 0.01246576674922295 0.058899108882415556
0 0.5610318151348652 0.6282079523756724 0.0260573858558109 0.10121237617660483
0 0.674422111248705 0.1319770059515607 0.01566354135632899 0.061838536817074026
0 0.8660104135632887 0.6550799537826463 0.049422111248705033 0.0996469745754319
1 0.2754325711307212 0.9205643891379172 0.04491870181924558 0.15887122172416576
1 0.32919734842842346 0.028124790122798896 0.011519696856846905 0.022787997771304476
0 0.3360488159634347 0.0811854556751178 0.023330492142117177 0.056687106653720044
1 0.43229469313279323 0.7768933762638006 0.019807385855810898 0.10088907586284361
1 0.4890797324222074 0.502429426702076 0.016716619106587772 0.04247491745106989
1 0.28166964681406564 0.5665988661910728 0.027799668320799588 0.04859624855570783
0 0.8581722965236154 0.9445043938879343 0.05632708271265763 0.11099121222413133
1 0.6518193651776464 0.1030676770756184 0.01337329528527036 0.033979933960855906
0 0.3760832344891221 0.8350139594726198 0.0354323858558109 0.10169732664724683
0 0.5375086162111037 0.26636941555859833 0.019006865177646402 0.07033352030728797
0 0.0710146290313853 0.3282330031376129 0.041391287427387444 0.09090951584989694
1 0.4551799214211715 0.5783482276757264 0.02496576674922295 0.05954570950993817
0 0.3475428957806083 0.40079155027644287 0.035577935070022625 0.1072528822028024
1 0.6810575248119937 0.74260316659203 0.025984611248705037 0.09843459839882705
0 0.22685359842842345 0.0228307474849578 0.027144696856846905 0.0235962485557077
0 0.6860231989237615 0.39610837007577054 0.022350188998964172 0.078828503797502
0 0.5188572394515207 0.9706793640650925 0.03499573821317572 0.05864127186981515
1 0.353056533498446 0.1347714842372988 0.013955492142117087 0.05620215618307817
0 0.018535984284234298 0.11191936189551434 0.032778266749223 0.05994983490213978
0 0.2660274143918581 0.08865943825641442 0.01402826674922295 0.05897993396085591
0 0.381759422249741 0.03916576358388301 0.016571069892376132 0.03691936189551433
1 0.40207192224974103 0.0402164896036072 0.015081344499482086 0.039616314594851786
0 0.3696618366415992 0.11343833787792011 0.015517992142117087 0.05628298126151847
1 0.383797111248705 0.11694354136166078 0.008394696856846906 0.022626347614423833
1 0.38630568114108116 0.1531354775512122 0.014101041356328814 0.061757711738633723
1 0.4131592795695046 0.1656206149958088 0.02979881596343468 0.06534374030081468
1 0.3932448858558109 0.1202062696100805 0.00690497146395277 0.025323300313761305
1 0.39985875889134015 0.13441845881273068 0.011883569892376222 0.03667688666019338
0 0.45508991439185814 0.09843927274769337 0.01359161910658777 0.04231326729418924
0 0.4516395827126577 0.14541901973459465 0.01715326674922295 0.059141584117736554
0 0.46606595574818704 0.16003533432944642 0.009486315963434678 0.0642930142810905
1 0.48874147642635146 0.19172244098316651 0.01246576674922295 0.058899108882415556
1 0.5688613159634347 0.09322839236272576 0.010757717535011225 0.0532627282484197
1 0.583287688998964 0.10784470695757757 0.012174668320799498 0.04778799777130445
1 0.6018193651776464 0.1004812745655281 0.010757717535011225 0.0532627282484197
1 0.5757277460710586 0.05752140664381628 0.013882717535011224 0.05342437840530035
1 0.5882277460710587 0.058168007271338855 0.009195217535011225 0.05318190316997939
1 0.5746062018192456 0.19339004251960643 0.017226041356328815 0.061919361895514335
0 0.5782748573197637 0.15474362886603849 0.016716619106587772 0.04247491745106989
1 0.6231507096771285 0.1404208894741412 0.01566354135632899 0.061838536817074026
1 0.6443365049623987 0.1748049488271987 0.010830492142117265 0.05604050602619747
1 0.6595976319268695 0.161724310722713 0.012611315963434677 0.06445466443797115
1 0.6542893937136938 0.07822932723249905 0.009195217535011225 0.05318190316997939
1 0.6666438444994821 0.07332037230446606 0.012174668320799498 0.047787997771304484
0 0.6366652460710587 0.06067358470298883 0.0168621683207995 0.04803047300662545
0 0.6772902460710586 0.0627750367424372 0.0168621683207995 0.04803047300662545
0 0.6982577175350112 0.08882576276216138 0.01962329528527036 0.03430323427461719
0 0.7019649143918582 0.11120963514126427 0.015081344499482086 0.039616314594851806
0 0.6907748573197636 0.16056303451374168 0.015226893713693812 0.04517187015040732
0 0.7023673287837162 0.18612881006282392 0.018133569892376043 0.037000186973954644
0 0.7075257096771285 0.14478544370991855 0.016789393713693812 0.045252695228847666
0 0.7246404350700226 0.14289674179498432 0.018861315963434676 0.06477796475173242
0 0.6075300177826802 0.2588954329773017 0.021913541356328992 0.06216183713083533
1 0.28678948635114887 0.46422521380549664 0.02540241439185813 0.07621237617660484
1 0.2921362659206535 0.6087504833283814 0.03157963978475227 0.07375789871258828
1 0.42698214681406566 0.5741155984860228 0.020351041356328814 0.06208101205239495
1 0.4320720612059238 0.6492772486429034 0.021078787427387446 0.08985878983017273
1 0.49813370884855895 0.6693385686040636 0.021078787427387446 0.08985878983017288
1 0.4912629706353832 0.5857627600354094 0.02071491439185813 0.07596990094128384
1 0.5248032167064418 0.6152378644604338 0.024349336641599172 0.0955759955426089
0 0.45526131223938104 0.8196915940286317 0.03365156203449331 0.09328316823547311
0 0.46442229652361533 0.931126005453504 0.03772263192686935 0.129555929503465
0 0.33044540280992163 0.8798114293416321 0.0465882096771284 0.11059643552966224
0 0.36038115177646435 0.7121451366228749 0.04353598428423426 0.11321256315055955
0 0.5479240012383452 0.9021572263559482 0.03594180810555194 0.12114177109169127
0 0.5919607915612166 0.7962486453758245 0.035577935070022625 0.1072528822028024
0 0.5302869292790543 0.5267531009637466 0.02852741439185813 0.07637402633348545
1 0.5043408593866782 0.48934878859759023 0.015881865177646403 0.07017187015040728
1 0.5779966832079958 0.5014809006176187 0.01602741439185813 0.07572742570596283
1 0.5915839942090317 0.4245113736242442 0.019079639784752446 0.07311129808506583
0 0.5857321004953381 0.3798244539444789 0.01871576674922295 0.05922240919617694
0 0.6688785483856422 0.5755323745331615 0.030162688998963995 0.07923262918970361
1 0.681485556243525 0.5207042446835689 0.01849744292790554 0.05088907586284361
1 0.6954752816364191 0.518653892611754 0.01610018899896417 0.07850520348374061
1 0.7168066261359012 0.5585935075203671 0.015809090570540717 0.0673940923726295
1 0.6041012266312392 0.9022891514020219 0.041609611248705033 0.09924284918322997
1 0.7014085661683225 0.8046841786444249 0.019516287427387445 0.0897779647517325
1 0.7265541153825342 0.8115329354550255 0.022641287427387448 0.08993961490861327
0 0.7500258486333112 0.7544928033767374 0.032816808105551945 0.1209801209348105
0 0.7649573358130296 0.6692707681284698 0.0338698858558109 0.10161650156880644
0 0.7204795897419711 0.639229888154363 0.039756012820281586 0.08805091299367879
0 0.784370923488086 0.9338062576448812 0.04204625889134021 0.11590951584989695
1 0.7915926104201355 0.673422572239733 0.020351041356328814 0.06208101205239495
1 0.8062373072769823 0.6963722201679181 0.02496576674922295 0.05954570950993817
1 0.8182664263835703 0.7386046623836671 0.02227741439185813 0.07605072601972437
1 0.8302184627775002 0.6587765325340744 0.02205909057054072 0.06771739268639089
1 0.9014384913135476 0.6374944861423292 0.019443512820281582 0.08700018697395472
1 0.7485617402800904 0.46037165924605417 0.022131865177646405 0.0704951704641685
0 0.8608177994190995 0.7546758283904447 0.057016287427387624 0.09171776663430017
0 0.8313400070293134 0.5229078966582843 0.03826628742738762 0.09074786569301634
0 0.8114940798171736 0.3609885347627699 0.034922963606069855 0.08225288220280239
0 0.8455437481379733 0.40990808363223896 0.019696069892376045 0.037081012052394946
1 0.8405309164587728 0.45680700554069986 0.021695217535011226 0.053828503797502
1 0.8603339942090319 0.43841328711597954 0.013664393713693813 0.045091045071966894
1 0.7780694578151015 0.5146042884357578 0.012101893713693811 0.04501021999352667
1 0.8649872609582548 0.4969082706061936 0.023985463606069856 0.08168710665372