0 0.12877983066218984 0.9014461815724609 0.07347719473518963 0.16547620729757948
0 0.2926935085223385 0.7244002861957469 0.04297123920022683 0.12196650001884848
0 0.2620387308475243 0.5177159891995239 0.04248016587924912 0.09696650001884848
0 0.5799554063454202 0.6147882240958211 0.04168155771188111 0.13575838677026014
0 0.7123661130615094 0.5064460402727924 0.038065484390903494 0.11056438249530613
0 0.8614038137871489 0.5277863927680256 0.04793155771188111 0.13614639532016845
0 0.8608978714990301 0.6613137303763132 0.050674611795565025 0.11689595515067831
0 0.9041617765785059 0.872777565828275 0.04593254809323426 0.1138271709604693
0 0.34174109981466555 0.3542415425799055 0.029925602176918264 0.09341270514125408
0 0.17751490870767297 0.3560934336816653 0.03143353847458741 0.09073192950095321
0 0.2136706635169964 0.3649734956308036 0.03595734736759484 0.08268960258005127
0 0.21612105172143128 0.2507936003294835 0.026473219962933038 0.07655203419963325
0 0.17445934137714506 0.20053787812610974 0.050238102176918265 0.09467373292845609
0 0.25794147477225654 0.07020276056487049 0.02296627404661713 0.05691358548023465
0 0.2878125132468439 0.157345610979172 0.02323909255827141 0.0708024743691235
0 0.2604315577118811 0.11732798064961562 0.02323909255827141 0.07080247436912354
0 0.3652827488188736 0.1191621707719848 0.023184528855940557 0.06802469659134576
0 0.4340873125212045 0.11767185450077117 0.023184528855940557 0.06802469659134576
0 0.4688442584375204 0.13498225192071994 0.023239092558271324 0.07080247436912354
0 0.41543157095872496 0.2829187733143392 0.02496528366526398 0.07923280983993396
0 0.40435022721932723 0.355917012636378 0.025238102176918176 0.09312169872882284
0 0.46435516587924913 0.06573181175122965 0.019950401451278844 0.06227513676083605
0 0.490208337748948 0.027971664303008223 0.016607146641955416 0.05097002137477078
0 0.40372520072563944 0.017590340720260868 0.016770837748947897 0.035180681440521736
0 0.2489285733209777 0.017627837551742145 0.022857146641955418 0.03525567510348429
0 0.19407738221398513 0.009724405407215118 0.030233137023308564 0.019448810814430235
0 0.10646825480932343 0.0082010469867988 0.025436509618646852 0.0164020939735976
0 0.2705853185116543 0.005764959875183688 0.017733137023308566 0.011529919750367375
0 0.28023313702330854 0.01790120185964465 0.013482146641955416 0.0358024037192893
0 0.3395535733209777 0.014717773427429836 0.016607146641955416 0.029435546854859673
0 0.3612648822139851 0.005705425131756962 0.01627976442797028 0.011410850263513924
0 0.43944444591631593 0.005315203959424831 0.013209328130301045 0.010630407918849663
0 0.603090283665264 0.04043195484910312 0.014880955534962936 0.04253968590396036
0 0.6576686562606022 0.03148132448184987 0.01671627404661713 0.05652557693032632
0 0.6966765925582714 0.027270640866154168 0.01671627404661713 0.054541281732308336
0 0.6778373125212045 0.10253952105434716 0.02156746515360979 0.06514991667609091
0 0.6497668762235354 0.10706333730671233 0.016934528855940555 0.06763668804143745
0 0.7179018065307547 0.23076702531045287 0.02981647477225664 0.08785714958569851
0 0.6862698606144387 0.21326262361554996 0.018606156260602268 0.07328924573447008
0 0.6918303798517325 0.2574160616475632 0.02329365626060227 0.07358025214690132
1 0.5015476310328587 0.12738965147814577 0.018497028855940557 0.06773369017891452
1 0.24394349527549458 0.5522133481825822 0.02970734736759484 0.08230159403014296
1 0.25284726932211166 0.6072838930507524 0.025347229581579887 0.0986772542843784
1 0.27861116115474366 0.644620747740008 0.026364092558271324 0.0709964786440777
1 0.3534474700477511 0.631631311807775 0.06446429328391083 0.10388008549908313
1 0.32681055897782546 0.5498500126740749 0.024910719962933127 0.07645503206215618
1 0.3038442849312083 0.4956524870431984 0.025238102176918263 0.09312169872882284
1 0.31547126569391465 0.45043202549893735 0.026691474772256463 0.08766314531074436
1 0.3525546034428626 0.5065343096702979 0.025347229581579978 0.0986772542843784
1 0.38062503974053175 0.5020104934179328 0.02669147477225655 0.08766314531074436
1 0.4278819856568477 0.5185448737380649 0.022058538474587407 0.0901499166760909
1 0.36821431977759866 0.4276895083802723 0.020277783665263983 0.07894180342750272
1 0.38814487386128266 0.4069840361486259 0.02184028366526398 0.07903880556497979
1 0.365778800540305 0.3833420660733049 0.025128974772256552 0.08756614317326729
1 0.40976192431676955 0.2332097797267704 0.016770837748947897 0.05930335470810411
1 0.43232640507947584 0.18731030322016978 0.015317465153609789 0.0647619081261826
1 0.3663194591631599 0.17193994854976258 0.028144847367594837 0.08220459189266588
1 0.41453870435383655 0.15782177117686208 0.018660719962933215 0.07606702351224787
1 0.3124851310328588 0.1391269101128721 0.021622028855940556 0.06792769445386869
1 0.31920635698624167 0.08308634386993113 0.018387901451278842 0.06217813462335897
1 0.2857390925582714 0.05179005542361643 0.016661710344286186 0.05374779915254856
1 0.30221726442797026 0.021437354632710317 0.01671627404661713 0.042874709265420634
1 0.3756746117955651 0.09070537803186747 0.013700401451278843 0.06188712821092774
1 0.39922123920022684 0.0948059015252669 0.015426592558271324 0.07031746368173815
1 0.38951885698624167 0.07872124768346267 0.01219246515360961 0.06456790385122843
1 0.4389186562606023 0.04506162372864066 0.015317465153609789 0.0647619081261826
1 0.47403770072563933 0.015359291558288095 0.013645837748947898 0.03071858311657619
1 0.5029811562606022 0.0410845360920805 0.013263891832631991 0.03966490598870549
1 0.5021279843909034 0.07729264934066869 0.016825401451278844 0.062081132485881874
1 0.48397818511654284 0.10901223054594915 0.015262901451278843 0.06198413034840482
1 0.4831597295815799 0.06734556387928249 0.013645837748947898 0.05910935043314994
1 0.50381945916316 0.16340376045177982 0.018660719962933215 0.07606702351224787
1 0.5195337392002267 0.08733673693953195 0.010629965153609788 0.06447090171375136
1 0.5275644940095502 0.09796283736325767 0.009067465153609788 0.06437389957627428
1 0.5309623125212045 0.1116577219771924 0.012301592558271323 0.070123459406784
1 0.5410813569862417 0.06931204034818621 0.013809528855940556 0.0674426837664833
1 0.526145837748948 0.0269289501999915 0.01202877404661713 0.053857900399983
1 0.546076391832632 0.01657621408416828 0.01202877404661713 0.03315242816833656
1 0.5668799651536097 0.02983458907945617 0.012137901451278844 0.05966917815891234
1 0.5570883029025577 0.08778646341785988 0.013864092558271323 0.07022046154426105
1 0.5628472295815798 0.06239845486795158 0.012192465153609788 0.06456790385122843
1 0.6322867103442863 0.0223147402399898 0.016825401451278844 0.0446294804799796
1 0.6321974303072194 0.08868591637451574 0.013700401451278843 0.06188712821092772
1 0.5992212392002269 0.08238962792820102 0.012137901451278844 0.061790126073450656
1 0.6099404843909033 0.07059950185475036 0.014990082939624472 0.04809524145951591
1 0.6089781851165428 0.10125205954778302 0.013754965153609789 0.06466490598870551
1 0.60538195916316 0.1570986215157698 0.015426592558271324 0.07031746368173815
1 0.657013891832632 0.012462444293656868 0.013536710344286362 0.024924888587313735
1 0.6696775829396244 0.019018880188193005 0.013754965153609789 0.03803776037638601
1 0.64878472958158 0.05706333730671233 0.01202877404661713 0.056234570517895106
1 0.6816517932839108 0.05780407019747148 0.012083337748947898 0.05901234829567288
1 0.7173710384745874 0.0444619099243876 0.02173115626060227 0.07348325000942423
1 0.7156646947351897 0.116878136421564 0.01715278366526398 0.07874779915254856
1 0.7278373125212045 0.0994354526550807 0.016934528855940555 0.06763668804143745
1 0.7378125132468438 0.1294089953857738 0.014935519237293703 0.04531746368173815
1 0.7354514050794758 0.16849188854961683 0.015426592558271324 0.07031746368173815
1 0.7597966406515055 0.1336065210166503 0.014935519237293703 0.04531746368173815
1 0.7542014050794759 0.1673278628998919 0.013809528855940556 0.06744268376648326
1 0.7667559687818069 0.16932962357785306 0.020059528855940555 0.06783069231639156
1 0.7518948606144388 0.20918853384151273 0.021785719962933214 0.07626102778720202
1 0.7332738353866952 0.29656067273982584 0.01876984736759475 0.08162257906780342
1 0.7269345553496283 0.3720456834272112 0.03137897477225664 0.0879541517231756
1 0.705987138289253 0.42062593557411254 0.02356647477225664 0.0874691410357902
1 0.6571875397405318 0.48484111508449007 0.04700397477225664 0.08892417309794622
1 0.6065526226801563 0.5352644078434559 0.02189484736759475 0.08181658334275757
1 0.5187252404661711 0.5240298608755055 0.02512897477225664 0.08756614317326729
1 0.5582639448200076 0.705132145046866 0.03472222958157989 0.09925926710924086
1 0.46815975607526783 0.41870359380396155 0.02049603847458741 0.09005291453861383
1 0.7432391455456471 0.7242414483801266 0.03779266587924912 0.0966754936064174
1 0.7418353582521859 0.49349188854961684 0.023675602176918175 0.09302469659134577
1 0.7225942849312084 0.4696559141993418 0.02016865626060227 0.07338624787194716
1 0.6128522079820335 0.29847428177000523 0.02016865626060227 0.07338624787194716
1 0.6328373257680484 0.2805465873161366 0.018715283665263982 0.07884480129002563
1 0.5958631154237622 0.22999985870033157 0.01575397477225664 0.08698413034840481
1 0.6114335517214313 0.22625205954778302 0.018606156260602268 0.07328924573447008
1 0.623278787293461 0.19214270911463305 0.015372028855940556 0.06753968590396037
1 0.6274752139724834 0.16685170270220182 0.018551592558271324 0.0705114679566923
1 0.6420833509957918 0.1937564612426859 0.01715278366526398 0.07874779915254856
1 0.6729514050794758 0.17237197404869992 0.01720734736759475 0.08152557693032633
1 0.6496775961864685 0.18216033944418938 0.011011911069925518 0.0839153461581958
1 0.6604514050794759 0.17314799114851656 0.01731647477225664 0.0870811324858819