0 0.488693721368269 0.42152172484552464 0.028599843878220454 0.09108829923697705
0 0.6318521778706093 0.04230548148682572 0.01715300790866543 0.0679604374596597
0 0.3075233399238878 0.030197648012892354 0.01995967292769345 0.0543303027293694
0 0.38769890714754374 0.5913011002696891 0.04805018083635879 0.12319637974412419
0 0.6059342539915138 0.6873359522152742 0.04693334980971962 0.14251144710926933
0 0.17694177376317724 0.8898400698478475 0.07136034684397004 0.119581480378058
0 0.11488744273653798 0.9144595974642641 0.06874468281352519 0.14154494844168192
1 0.4187446828135252 0.10169680801749677 0.024901840912470875 0.06582954507837842
1 0.35570617193911025 0.024592721626316014 0.02027800790866543 0.04918544325263203
1 0.37283000494291585 0.023154358975900582 0.018779174904859808 0.046308717951801165
1 0.39138900395433274 0.016095752230279946 0.017025673916276674 0.03219150446055989
1 0.48663783695813834 0.010728518152937518 0.015463173916276673 0.021457036305875036
1 0.5023901709505271 0.01210027755012469 0.012274506920082296 0.02420055510024938