1 0.2997205953119231 0.10385078498909503 0.020852720542635695 0.058915168830940584
0 0.44814669186046385 0.8898852914804524 0.03944203423772628 0.09833740692596962
0 0.2494993522517534 0.02164669552365226 0.024438795496493172 0.028505072149786845
1 0.3394444293650792 0.1301114285672441 0.017827850092285047 0.061595974025783796
0 0.5935521360280542 0.2408894444371216 0.030928627390180985 0.07865053102418863
1 0.5444113340531561 0.041921715722077604 0.015764702344038463 0.04765859884542766
1 0.5498884669988915 0.8012732611762237 0.07193316162790726 0.17703642424162544
1 0.7130893738464368 0.7868713910443754 0.03545544108527139 0.1176363924960122
0 0.12693302591361993 0.9049456017296618 0.08565570018457014 0.1247435093785201
0 0.06206948951642538 0.9251798860017257 0.06730621838316742 0.1352727849920244
1 0.42708652683647064 0.3024650504997248 0.02634125693983034 0.08128284992756463
1 0.35965679981542986 0.13351952813409637 0.02291586829088237 0.07285254401129677
1 0.3828940407161312 0.13980237806166101 0.02457849784053163 0.07567880808054181
1 0.4136829657622737 0.1101680620439836 0.015003238741233105 0.06983233477618261
1 0.42381942936507927 0.13272968830647672 0.016565738741233106 0.06988082106764987
1 0.3895235749538575 0.04267712842237332 0.019290220542635694 0.058866682539473324