0 0.46453173224846117 0.5007004973766975 0.02918288896415202 0.09108829923697705
0 0.6269033367255885 0.14658340740206316 0.01759029172311415 0.06796043745965967
0 0.30461225689740495 0.08091346309821876 0.020305855947465278 0.05433030272936941
0 0.3550947772509356 0.6531433441747554 0.048833647670579336 0.12319637974412419
0 0.5673624038906158 0.784886270006948 0.047844357756487634 0.14251144710926933
0 0.12963667458283062 0.9157154857077081 0.07210737336031983 0.119581480378058
0 0.06656346449692238 0.9296061863796697 0.06963747060135783 0.14078762724066046
1 0.4116125293986421 0.17052541420472547 0.025320904567984213 0.06582954507837842
1 0.353377305517924 0.073813041445386 0.020715291723113972 0.0682191916182583
1 0.3706466926730537 0.07245841153990057 0.019234678878243726 0.07086759231673677
1 0.38964235413844295 0.06567760315815885 0.017426517412854548 0.062404881904104134
1 0.48503674129357266 0.07079182721763849 0.015864017412854637 0.062275504824804845
1 0.5004979669833132 0.07764115356618707 0.012657130257724702 0.05923897288842844