0 0.21918771751493066 0.1527777777777778 0.02427395459715278 0.06388888888888888
0 0.2074878045209029 0.21388888888888888 0.03212282218833336 0.06666666666666667
0 0.7718101033422226 0.7111111111111111 0.04378767401194459 0.12222222222222222
0 0.29150435429215305 0.6638888888888889 0.04513196846486114 0.10555555555555556
1 0.44876742116215296 0.2638888888888889 0.01795121941479181 0.058333333333333334
0 0.26162979065319447 0.17222222222222222 0.02114895459715278 0.06388888888888888
1 0.22703789152687515 0.275 0.01609777868534721 0.03611111111111111
1 0.6138521329775003 0.7 0.024492160144236053 0.08055555555555556
1 0.3562188580918752 0.475 0.025690984232430568 0.05277777777777778
0 0.28735714247680566 0.22777777777777777 0.02732621941479163 0.058333333333333334
0 0.23517900626826407 0.41944444444444445 0.02903418977951393 0.06944444444444445
0 0.6841594072944446 0.2222222222222222 0.016388719414791808 0.058333333333333334
0 0.6544420718070837 0.8166666666666667 0.05410692496187508 0.075
0 0.44665810087368063 0.10277777777777777 0.017769381458888844 0.044444444444444446
1 0.4679875870059723 0.06111111111111111 0.013081881458888844 0.044444444444444446
1 0.2624324905006946 0.4722222222222222 0.019368249050069508 0.04722222222222222
1 0.4237661147413889 0.14444444444444443 0.017914851823611144 0.05555555555555555
0 0.12737173195131987 0.8972222222222223 0.0687876740119445 0.12222222222222222
1 0.410358231382639 0.19444444444444445 0.014498911094166723 0.03333333333333333
1 0.687650696047778 0.4888888888888889 0.03045121941479163 0.058333333333333334
1 0.36330531268902805 0.5388888888888889 0.019695557370694505 0.07222222222222222
1 0.43488414627652777 0.03888888888888889 0.013227351823611145 0.05555555555555555
0 0.2324943366247226 0.8111111111111111 0.04037173328250008 0.1
1 0.8434695106366672 0.9333333333333333 0.038554660144236405 0.08055555555555556
1 0.631726697947639 0.39444444444444443 0.022893292553055566 0.07777777777777778
0 0.5076683360560417 0.10833333333333334 0.01177395459715278 0.06388888888888888
0 0.19110039152687514 0.275 0.019622822188333354 0.06666666666666667
1 0.6005104526972918 0.15833333333333333 0.01333645459715278 0.06388888888888888
1 0.5667160277354167 0.08333333333333333 0.011664851823611145 0.05555555555555555
0 0.2810331008736806 0.10277777777777777 0.02107621941479172 0.058333333333333334
0 0.7288926386770835 0.4166666666666667 0.02434668977951393 0.06944444444444445
1 0.25385757750666693 0.5333333333333333 0.032377395326597204 0.08611111111111111
1 0.32387913677722246 0.5111111111111111 0.017878484232430568 0.05277777777777778
1 0.5996012629177778 0.08888888888888889 0.010138719414791808 0.058333333333333334
1 0.3140677256830558 0.4777777777777778 0.01755117591180557 0.027777777777777776
1 0.6056343637914584 0.19166666666666668 0.011410278685347209 0.03611111111111111
1 0.48888196846486115 0.10555555555555556 0.013045513867708358 0.041666666666666664
0 0.1114843202884723 0.16111111111111112 0.06493532218833335 0.06666666666666667
1 0.6784952080156254 0.625 0.01787848423243048 0.05277777777777778
1 0.5437928996950003 0.6 0.029216027735416716 0.08333333333333333
1 0.685030923062014 0.16944444444444445 0.014644381458888845 0.044444444444444446
0 0.021334711815347428 0.4361111111111111 0.03201371941479169 0.058333333333333334
0 0.6181720378034029 0.3138888888888889 0.03059668977951393 0.06944444444444445
1 0.33954181078916695 0.6333333333333333 0.021512630508958352 0.09166666666666666
1 0.33071363107763924 0.7944444444444444 0.0684603656913195 0.09722222222222222
1 0.378931619109792 0.6583333333333333 0.02478310087368065 0.10277777777777777
1 0.4070566191097919 0.6583333333333333 0.03248649810013902 0.09444444444444444
1 0.3942643719595836 0.5166666666666667 0.027653527735416718 0.08333333333333333
1 0.3026574469977085 0.44166666666666665 0.026018292553055565 0.07777777777777778
1 0.30988806553881965 0.3972222222222222 0.024455792553055567 0.07777777777777778
0 0.26057513050895836 0.09166666666666666 0.019586454597152782 0.06388888888888888
1 0.2833216462765278 0.03888888888888889 0.014717116641249995 0.05
1 0.31813305737069447 0.07222222222222222 0.013227351823611145 0.05555555555555555
1 0.3125376740119445 0.12222222222222222 0.021039851823611143 0.05555555555555555
0 0.34774782218833333 0.06666666666666667 0.016388719414791718 0.058333333333333334
1 0.3651171601442361 0.08055555555555556 0.013190984232430569 0.05277777777777778
1 0.37907055737069445 0.07222222222222222 0.014789851823611144 0.05555555555555555
0 0.3928057490500695 0.04722222222222222 0.011483013867708359 0.041666666666666664
1 0.3980023953265973 0.08611111111111111 0.01177395459715278 0.06388888888888888
1 0.4864479526972918 0.15833333333333333 0.021185322188333446 0.06666666666666667
1 0.50065461664125 0.05 0.009993249050069508 0.04722222222222222
1 0.5238011759118055 0.027777777777777776 0.009993249050069508 0.04722222222222222
1 0.5245285277354167 0.08333333333333333 0.01170121941479163 0.058333333333333334
1 0.5311058360560417 0.10833333333333334 0.013372822188333444 0.06666666666666667
1 0.5450592332824999 0.1 0.014826219414791808 0.058333333333333334
1 0.5368103221883334 0.06666666666666667 0.011555749050069508 0.04722222222222222
1 0.5566136759118055 0.027777777777777776 0.013045513867708358 0.041666666666666664
1 0.5554875870059723 0.06111111111111111 0.01319098423243048 0.05277777777777778
1 0.6089762629177778 0.08888888888888889 0.007050087005972117 0.06111111111111111
1 0.6201683360560417 0.10833333333333334 0.01170121941479163 0.058333333333333334
1 0.6207865851061112 0.15555555555555556 0.010138719414791808 0.058333333333333334
1 0.6275093637914584 0.19166666666666668 0.015080792553055566 0.07777777777777778
1 0.6366297906531946 0.17222222222222222 0.01177395459715278 0.06388888888888888
1 0.6475309230620139 0.16944444444444445 0.013372822188333444 0.06666666666666667
1 0.661666158244375 0.175 0.01348192496187508 0.075
1 0.7246025693385418 0.20833333333333334 0.02122168977951393 0.06944444444444445
1 0.7429525258355556 0.17777777777777778 0.01333645459715278 0.06388888888888888
1 0.701636541603125 0.125 0.01333645459715278 0.06388888888888888
1 0.7170433360560418 0.10833333333333334 0.01326371941479163 0.058333333333333334
1 0.7220945119678472 0.1361111111111111 0.011664851823611145 0.05555555555555555
1 0.7287445554708334 0.16666666666666666 0.01475348423243048 0.05277777777777778
1 0.734703614741389 0.14444444444444443 0.009956881458888844 0.044444444444444446
0 0.6511637629177779 0.08888888888888889 0.010102351823611144 0.05555555555555555
1 0.6335398518236112 0.05555555555555555 0.008430749050069509 0.04722222222222222
0 0.6209307490500695 0.04722222222222222 0.011483013867708359 0.041666666666666664
1 0.6461125870059723 0.06111111111111111 0.008467116641250171 0.05
1 0.6619194249618751 0.075 0.010247822188333445 0.06666666666666667
0 0.6806330573706945 0.07222222222222222 0.019550087005972116 0.06111111111111111
1 0.6944409842324306 0.05277777777777778 0.01631598423243048 0.05277777777777778
0 0.6737284407294444 0.022222222222222223 0.014498911094166544 0.03333333333333333
0 0.6504364110941667 0.03333333333333333 0.012972778685347209 0.03611111111111111
1 0.7310357137152085 0.3416666666666667 0.03066942496187508 0.075
1 0.6946644154625697 0.5472222222222223 0.02285692496187508 0.075
1 0.7095633700597225 0.6111111111111112 0.018278527735416716 0.08333333333333333
1 0.4837996506449308 0.5527777777777778 0.024383057370694416 0.07222222222222222
1 0.5043680302039586 0.6916666666666667 0.02776263050895835 0.09166666666666666
0 0.34157447663298635 0.4305555555555556 0.02747168977951393 0.06944444444444445
1 0.3826696424768056 0.22777777777777777 0.026091027735416716 0.08333333333333333
0 0.39001067021222235 0.3111111111111111 0.02761716014423623 0.08055555555555556
0 0.4127208183886112 0.25555555555555554 0.027580792553055566 0.07777777777777778
0 0.478452308320625 0.025 0.014680749050069507 0.04722222222222222
1 0.6722425951740973 0.3861111111111111 0.018060322188333443 0.06666666666666667
1 0.29477351823611136 0.5555555555555556 0.029143292553055568 0.07777777777777778