0 0.3640625 0.058333333333333334 0.0234375 0.05
1 0.45 0.15 0.0125 0.08055555555555556
1 0.6671875 0.1361111111111111 0.0125 0.06111111111111111
1 0.859375 0.9333333333333333 0.0328125 0.07777777777777778
0 0.78125 0.1111111111111111 0.0171875 0.05555555555555555
0 0.3171875 0.019444444444444445 0.034375 0.027777777777777776
0 0.26875 0.013888888888888888 0.0375 0.022222222222222223
1 0.3375 0.005555555555555556 0.0265625 0.011111111111111112
1 0.6453125 0.016666666666666666 0.0109375 0.030555555555555555
1 0.6578125 0.013888888888888888 0.00625 0.027777777777777776
1 0.6625 0.016666666666666666 0.00625 0.030555555555555555