0 0.053125 0.2861111111111111 0.046875 0.09444444444444444
0 0.140625 0.37777777777777777 0.0421875 0.09722222222222222
0 0.2203125 0.3611111111111111 0.0421875 0.09722222222222222
0 0.25625 0.2861111111111111 0.0328125 0.08611111111111111
0 0.3421875 0.30277777777777776 0.0359375 0.10555555555555556
0 0.30625 0.2111111111111111 0.03125 0.08888888888888889
0 0.253125 0.19444444444444445 0.0296875 0.07222222222222222
0 0.109375 0.12222222222222222 0.040625 0.06666666666666667
0 0.265625 0.125 0.021875 0.06666666666666667
0 0.309375 0.09722222222222222 0.0265625 0.06388888888888888
0 0.3328125 0.11666666666666667 0.01875 0.06388888888888888
0 0.3625 0.1388888888888889 0.01875 0.06388888888888888
0 0.378125 0.044444444444444446 0.015625 0.05555555555555555
0 0.2578125 0.027777777777777776 0.0203125 0.05277777777777778
0 0.4265625 0.175 0.015625 0.06944444444444445
0 0.446875 0.16111111111111112 0.0203125 0.07222222222222222
0 0.45 0.08055555555555556 0.0171875 0.05277777777777778
0 0.465625 0.10833333333333334 0.015625 0.06111111111111111
0 0.478125 0.2222222222222222 0.021875 0.08055555555555556
0 0.4921875 0.30833333333333335 0.0203125 0.08611111111111111
0 0.390625 0.28888888888888886 0.01875 0.08611111111111111
0 0.528125 0.3055555555555556 0.0203125 0.07777777777777778
0 0.5609375 0.40555555555555556 0.0203125 0.075
0 0.61875 0.4305555555555556 0.0234375 0.09166666666666666
0 0.6359375 0.39166666666666666 0.0234375 0.07777777777777778
0 0.678125 0.38333333333333336 0.0234375 0.1
0 0.71875 0.4583333333333333 0.0296875 0.1
0 0.65625 0.32222222222222224 0.0203125 0.08888888888888889
0 0.7328125 0.3388888888888889 0.03125 0.08888888888888889
0 0.7765625 0.35 0.025 0.08333333333333333
0 0.7546875 0.26944444444444443 0.021875 0.075
0 0.6140625 0.2 0.0203125 0.08055555555555556
0 0.6078125 0.2861111111111111 0.01875 0.07222222222222222
0 0.684375 0.1638888888888889 0.0125 0.06388888888888888
0 0.6859375 0.13055555555555556 0.01875 0.06111111111111111
0 0.709375 0.1361111111111111 0.0203125 0.06388888888888888
0 0.73125 0.125 0.01875 0.06666666666666667
0 0.66875 0.06944444444444445 0.015625 0.06111111111111111
0 0.678125 0.1 0.0203125 0.058333333333333334
0 0.70625 0.07222222222222222 0.0234375 0.05
0 0.7078125 0.09722222222222222 0.0171875 0.05555555555555555
0 0.6453125 0.05 0.0125 0.06111111111111111
0 0.6828125 0.025 0.0140625 0.05
0 0.6859375 0.05277777777777778 0.0171875 0.058333333333333334
0 0.590625 0.13333333333333333 0.021875 0.07222222222222222
0 0.6296875 0.019444444444444445 0.0125 0.03888888888888889
0 0.6171875 0.008333333333333333 0.0203125 0.013888888888888888
0 0.5203125 0.013888888888888888 0.021875 0.025
0 0.540625 0.022222222222222223 0.01875 0.041666666666666664
0 0.559375 0.11388888888888889 0.0203125 0.05277777777777778
0 0.3296875 0.5833333333333334 0.034375 0.125
0 0.3046875 0.6611111111111111 0.0421875 0.10833333333333334
0 0.371875 0.6361111111111111 0.0375 0.125
0 0.3421875 0.7305555555555555 0.0375 0.11666666666666667
0 0.3578125 0.8361111111111111 0.0421875 0.12222222222222222
0 0.3234375 0.95 0.0484375 0.09722222222222222
0 0.3609375 0.9444444444444444 0.0421875 0.1111111111111111
0 0.425 0.8944444444444445 0.034375 0.12222222222222222
0 0.428125 0.9805555555555555 0.0421875 0.03888888888888889
0 0.4609375 0.7972222222222223 0.034375 0.12777777777777777
0 0.503125 0.825 0.040625 0.11944444444444445
0 0.5171875 0.95 0.0375 0.09722222222222222
0 0.5734375 0.8638888888888889 0.034375 0.12222222222222222
0 0.5453125 0.6888888888888889 0.0359375 0.11666666666666667
0 0.521875 0.5888888888888889 0.028125 0.09444444444444444
0 0.6453125 0.55 0.025 0.09166666666666666
0 0.6796875 0.6416666666666667 0.028125 0.09722222222222222
0 0.715625 0.6444444444444445 0.0296875 0.1
0 0.753125 0.6722222222222223 0.0390625 0.10833333333333334
0 0.8078125 0.6666666666666666 0.046875 0.08333333333333333
0 0.803125 0.5222222222222223 0.0375 0.10833333333333334
0 0.8390625 0.5361111111111111 0.0375 0.1
0 0.925 0.5416666666666666 0.040625 0.09166666666666666
0 0.8890625 0.4527777777777778 0.03125 0.08888888888888889
0 0.9046875 0.37777777777777777 0.059375 0.08888888888888889
0 0.828125 0.37777777777777777 0.046875 0.08611111111111111
0 0.7515625 0.8083333333333333 0.0359375 0.125
0 0.775 0.9611111111111111 0.0390625 0.075
0 0.865625 0.9638888888888889 0.05625 0.06944444444444445
0 0.9609375 0.7166666666666667 0.05 0.1111111111111111
1 0.2859375 0.08333333333333333 0.0234375 0.07222222222222222
1 0.35 0.10277777777777777 0.0171875 0.06388888888888888
1 0.4265625 0.08055555555555556 0.0171875 0.05555555555555555
1 0.3859375 0.11666666666666667 0.009375 0.06388888888888888
1 0.38125 0.10833333333333334 0.009375 0.06111111111111111
1 0.3921875 0.1 0.009375 0.06111111111111111
1 0.4015625 0.11388888888888889 0.0109375 0.06666666666666667
1 0.4203125 0.12222222222222222 0.028125 0.06944444444444445
1 0.3921875 0.019444444444444445 0.0109375 0.03611111111111111
1 0.4671875 0.1361111111111111 0.0109375 0.06388888888888888
1 0.4828125 0.14722222222222223 0.0125 0.06944444444444445
1 0.503125 0.13333333333333333 0.015625 0.06666666666666667
1 0.5390625 0.14722222222222223 0.0109375 0.05555555555555555
1 0.5625 0.05277777777777778 0.0109375 0.058333333333333334
1 0.5796875 0.06666666666666667 0.0109375 0.05555555555555555
1 0.6015625 0.08055555555555556 0.0125 0.06111111111111111
1 0.6171875 0.09166666666666666 0.0140625 0.058333333333333334
1 0.5765625 0.022222222222222223 0.0109375 0.041666666666666664
1 0.590625 0.025 0.009375 0.044444444444444446
1 0.65625 0.027777777777777776 0.0109375 0.05277777777777778
1 0.66875 0.025 0.009375 0.05
1 0.6359375 0.11944444444444445 0.0109375 0.058333333333333334
1 0.65 0.10833333333333334 0.01875 0.06666666666666667
1 0.240625 0.5277777777777778 0.03125 0.09166666666666666
1 0.26875 0.5 0.028125 0.08611111111111111
1 0.2609375 0.6194444444444445 0.025 0.07777777777777778
1 0.271875 0.6361111111111111 0.021875 0.07777777777777778
1 0.3984375 0.5861111111111111 0.028125 0.07222222222222222
1 0.43125 0.6166666666666667 0.025 0.08611111111111111
1 0.4078125 0.6277777777777778 0.025 0.07777777777777778
1 0.41875 0.6861111111111111 0.0265625 0.10277777777777777
1 0.3984375 0.825 0.025 0.10555555555555556
0 0.45 0.6777777777777778 0.0265625 0.09722222222222222
1 0.4890625 0.6944444444444444 0.0296875 0.09166666666666666
1 0.4734375 0.6222222222222222 0.021875 0.09166666666666666
1 0.48125 0.5277777777777778 0.021875 0.07222222222222222
1 0.484375 0.5722222222222222 0.021875 0.06111111111111111
1 0.5015625 0.5111111111111111 0.01875 0.08611111111111111
1 0.54375 0.5361111111111111 0.021875 0.08611111111111111
1 0.56875 0.525 0.01875 0.075
1 0.59375 0.5416666666666666 0.0234375 0.09722222222222222
1 0.584375 0.6333333333333333 0.021875 0.08611111111111111
1 0.5953125 0.95 0.040625 0.1
1 0.240625 0.9361111111111111 0.0546875 0.125
1 0.6109375 0.7555555555555555 0.034375 0.09722222222222222
1 0.6359375 0.7111111111111111 0.0234375 0.09722222222222222
1 0.5015625 0.65 0.028125 0.10277777777777777
1 0.5578125 0.46111111111111114 0.015625 0.075
1 0.584375 0.4361111111111111 0.0203125 0.08611111111111111
1 0.671875 0.4722222222222222 0.021875 0.07777777777777778
1 0.68125 0.5444444444444444 0.0203125 0.08888888888888889
1 0.6984375 0.5305555555555556 0.021875 0.09444444444444444
1 0.7234375 0.5611111111111111 0.021875 0.07777777777777778
1 0.7453125 0.5944444444444444 0.025 0.09444444444444444
1 0.78125 0.6527777777777778 0.0234375 0.09444444444444444
1 0.790625 0.6916666666666667 0.0328125 0.09444444444444444
1 0.8375 0.6638888888888889 0.0234375 0.10833333333333334
1 0.8140625 0.7333333333333333 0.028125 0.10833333333333334
1 0.68125 0.7805555555555556 0.028125 0.10555555555555556
1 0.7234375 0.85 0.025 0.10277777777777777
1 0.690625 0.85 0.03125 0.1
1 0.90625 0.6527777777777778 0.0375 0.10833333333333334
1 0.8765625 0.49444444444444446 0.0234375 0.09166666666666666
1 0.8421875 0.46944444444444444 0.0296875 0.08888888888888889
1 0.8640625 0.45 0.021875 0.09444444444444444
1 0.75625 0.475 0.0203125 0.09166666666666666
1 0.7765625 0.5333333333333333 0.0234375 0.08055555555555556
1 0.73125 0.4111111111111111 0.0265625 0.075
1 0.5625 0.14444444444444443 0.021875 0.06666666666666667
1 0.3828125 0.008333333333333333 0.0140625 0.016666666666666666
1 0.3140625 0.013888888888888888 0.0125 0.025