0 0.08511897823081757 0.9205460643320671 0.08910219473518963 0.15890787133586584
0 0.398219178956457 0.9205254142047253 0.0828869110699257 0.09006094145689694
0 0.25169638693849056 0.5717353493222828 0.04420635698624169 0.1062709589188589
0 0.20652773067788827 0.6403350133241246 0.04258929328391083 0.1033638040617818
0 0.20413190617578425 0.5232802154195599 0.03768353847458741 0.09186456171277275
0 0.3096180143431523 0.5709667457008014 0.041190484390903406 0.11156776031581583
0 0.34641366461330475 0.3709058865883089 0.029925602176918264 0.09399545409405413
0 0.29815970308789214 0.27787693116184237 0.03751984736759475 0.0835312283794395
0 0.20466267423195159 0.3369103501498502 0.03751984736759484 0.08353122837943959
0 0.29972220308789216 0.2780063082411417 0.03751984736759475 0.0835312283794395
0 0.2901487956461635 0.2076562242416021 0.027926592558271412 0.0716438547925326
0 0.21752975118112636 0.15990883484786828 0.02323909255827141 0.07125572355463466
0 0.26366070671608915 0.12199410348088134 0.029489092558271323 0.0717732318718319
0 0.23775297114405944 0.08646135979945987 0.026309528855940557 0.0687366999354555
0 0.28183035335804457 0.07341725135317367 0.019895837748947987 0.059885858284924966
0 0.428923608167368 0.07446758569619695 0.019950401451278844 0.06266363606270274
0 0.38869542305082516 0.2102514246819026 0.02798115626060227 0.07442163257031037
0 0.357589266790223 0.28001548239743806 0.02814484736759475 0.08275496590364372
0 0.6323759903813532 0.07461993933843955 0.016498019237293705 0.04573821523743747
0 0.866587233040141 0.9573480992519827 0.07427580290255768 0.08530380149603457
0 0.9257439782308176 0.96300451704417 0.054181557711881115 0.07399096591166009
0 0.10753968148834572 0.022815907360540733 0.028670637023308566 0.030106565205165213
0 0.19353174519067656 0.027153868944224568 0.028506945916315994 0.02177323187183188
0 0.22628968148834572 0.032648565387287685 0.03017857332097771 0.027458164506686738
0 0.296493054083684 0.04402608951131183 0.02888889183263199 0.041217676316276326
0 0.32925099038135314 0.04952078595437495 0.021130955534962848 0.04334856869755759
0 0.730386871329394 0.5028620251752366 0.03337798439090349 0.11092087491931926
0 0.6591368978230817 0.14639317121027143 0.01359127404661713 0.05659057218994998
0 0.6423859074417286 0.12274780111575687 0.013645837748947898 0.05936834996772775
0 0.6645684422881188 0.18857734619413533 0.0183333377489479 0.059756481205625614
0 0.669930554083684 0.07494721146384503 0.013263891832631991 0.03992390552328331
0 0.652743054083684 0.0735240635915527 0.016334328130301046 0.03740488190410414
0 0.02820560095338288 0.1469026089511312 0.05641120190676576 0.07145361860074083
1 0.25123511778601487 0.0374963764338543 0.01466270072563942 0.03171994926924928
1 0.26831349038135316 0.04447507986170217 0.013318455534962848 0.04270168330106109
1 0.31011904446503713 0.06741270544722777 0.01515377404661713 0.05671994926924929
1 0.3044493978230817 0.11702457420932988 0.01827877404661713 0.056978703427847874
1 0.24670633049255386 0.26805193198940985 0.02825397477225646 0.08831052145919926
1 0.29523802269585475 0.9698478933909712 0.07351191106992569 0.06030421321805761
1 0.36871521743104435 0.8290489837298506 0.025510920688572546 0.10749621174504492
1 0.3375743448357061 0.8209058865883089 0.030089293283910835 0.10232878742738731
1 0.3097767270496912 0.8019104324942548 0.028690484390903315 0.11053274368142132
1 0.3405207847615723 0.670905886588309 0.025128974772256462 0.0880517673006008
1 0.3720436032732266 0.6596045392854061 0.023839293283910833 0.10181127911019038
1 0.33558031361751284 0.6037217116044451 0.028035719962933126 0.07719941034808815
1 0.2877082980084162 0.49124831173353406 0.02501984736759475 0.08249621174504508
1 0.2677231802224013 0.4728997430359765 0.02518353847458741 0.09082954507837841
1 0.2686507631620259 0.42567752081375426 0.02323909255827141 0.07125572355463466
1 0.3168154446503716 0.4435770991609215 0.02173115626060227 0.07390412425311328
1 0.2832043364830036 0.40184191452744794 0.025128974772256552 0.08805176730060064
1 0.31656247350631217 0.37678105541495555 0.025074411069925695 0.08527398952282286
1 0.39023807568323043 0.29106573439605676 0.028363102176918176 0.09386607701475481
1 0.40917161415781783 0.20359999337946016 0.016989092558271322 0.07073821523743741
1 0.4228720156090967 0.14352389890274347 0.016989092558271322 0.0707382152374375
1 0.4649503882044349 0.1525726355993802 0.018715283665263982 0.07920092565007014
1 0.48597221633473603 0.11814342651916003 0.013536710344286362 0.053812794412172196
0 0.5053769807627063 0.0863626181374183 0.016770837748947897 0.05962710412632634
1 0.5252529711440594 0.11026674239053146 0.013700401451278843 0.062146127745505535
1 0.5426587259533828 0.10057877915171266 0.013754965153609789 0.06492390552328331
1 0.5565575348463904 0.11007650619873972 0.012083337748947898 0.05923897288842844
1 0.5657688437393977 0.11918610200786885 0.01202877404661713 0.05646119511065066
1 0.5740724170603755 0.09483298740436538 0.013645837748947898 0.05936834996772775
1 0.5479464266790224 0.07041135483405501 0.010302582939624471 0.047998484698018054
1 0.5290327355720297 0.07719216321579674 0.011755955534962937 0.042572306221761794
1 0.4964384903813531 0.06336413343940027 0.010193455534962936 0.042442929142462484
1 0.5263442451906766 0.0547111868349759 0.009811509618646852 0.02299848469801804
1 0.5419692451906766 0.05600495762796892 0.006686509618646852 0.022739730539419432
1 0.5987450348463903 0.11356968733982088 0.01046627404661713 0.05633181803135135
1 0.6081200348463903 0.11434594981561667 0.00890377404661713 0.056202440952052075
1 0.6180406718696989 0.08734443451363473 0.010357146641955417 0.050776262475795815
1 0.6217113088930075 0.05982541089445555 0.008085318511654194 0.014535774285385411
1 0.6236904711440594 0.11841749838638749 0.01046627404661713 0.05633181803135139
1 0.6327926526324053 0.13308264975107217 0.012083337748947898 0.05923897288842844
1 0.6415327355720297 0.08650731292534648 0.011592264427970279 0.03423897288842846
1 0.652415671869699 0.09019073025821937 0.010411710344286363 0.053554040253573576
1 0.6807043629766915 0.08418618435227347 0.01202877404661713 0.05646119511065066
1 0.700034716334736 0.13586808638316442 0.015208337748947897 0.05949772704702706
1 0.7027232067160891 0.15834906276398522 0.011919646641955417 0.05090563955509511
1 0.6825198341207509 0.15111160517753874 0.015317465153609789 0.06505328260258258
1 0.5929662607997732 0.1687371116574785 0.012137901451278844 0.06201675066620622
1 0.6005059422881189 0.18327288594286392 0.013645837748947898 0.05936834996772775
1 0.6134424519067657 0.16208568035503612 0.011592264427970279 0.03423897288842844
1 0.6222718148834572 0.19063972060860973 0.013864092558271323 0.07047946107883886
1 0.6111160600741338 0.20084519216462568 0.015372028855940556 0.0678310603803604
1 0.633263878585788 0.18876758238592706 0.012356156260602269 0.07312786177731732
1 0.6442013785857881 0.18967322194102215 0.015535719962933214 0.07616439371369374
1 0.6880059422881188 0.19051800238362485 0.018606156260602268 0.0736453700945145
1 0.6952182415624796 0.2217204433356769 0.021512901451278665 0.06279301314200202
1 0.7050843148834571 0.1974967058114727 0.010684528855940557 0.06744292914246254
1 0.7191468148834572 0.19866109952516642 0.013700401451278843 0.062146127745505535
1 0.714895824502104 0.1760507460650463 0.013645837748947898 0.05936834996772775
1 0.780590257171576 0.3372988931097712 0.016989092558271322 0.07073821523743741
1 0.46888886533894414 0.35044174321809896 0.021622028855940556 0.06834856869755757
1 0.48395827151472837 0.8580673320424433 0.03126984736759475 0.08301372006224218
1 0.47703863811961683 0.7322910695666476 0.02501984736759475 0.08249621174504493
1 0.5264979794967619 0.5249318937552162 0.02669147477225664 0.08818114437989995
1 0.6124007631620259 0.4541404782596007 0.018988102176918174 0.0930898145389591
1 0.6312598905666876 0.45013744765563674 0.018824411069925696 0.08475648120562561
1 0.645629925413078 0.5153201073375187 0.01720734736759475 0.08184932634854868
1 0.6923957980084162 0.5247569752720533 0.023621038474587408 0.09070016799907911
1 0.7150148424734534 0.5683642981282095 0.025238102176918176 0.0936073228561562
1 0.6301834854872117 0.6642850907031242 0.03299603847458741 0.09147643047487482
1 0.673060466249918 0.7123520933679491 0.026746038474587407 0.09095892215767788
1 0.6521279181566838 0.8219106795274687 0.042261911069925696 0.08669713739511514
1 0.6885019277753306 0.8026641301291303 0.028199411069925694 0.08553274368142133
1 0.7001834722403678 0.8453658134301915 0.03946429328391084 0.10310504990318319
1 0.6003273159797655 0.9094372796565576 0.026636911069925696 0.08540336660212233
1 0.351979162251052 0.0875725532549756 0.01359127404661713 0.05659057218994998
1 0.36000991706037544 0.077108327540361 0.01202877404661713 0.05646119511065066
1 0.38651785335804456 0.0820855156662269 0.013700401451278843 0.062146127745505535
1 0.41993055408368407 0.05424687877595669 0.011646828130301046 0.037016750666206216