0 0.08125 0.9361111111111111 0.0765625 0.12777777777777777
0 0.1484375 0.8972222222222223 0.0671875 0.15833333333333333
0 0.2203125 0.09722222222222222 0.040625 0.06111111111111111
0 0.0625 0.025 0.03125 0.04722222222222222
0 0.0359375 0.019444444444444445 0.03125 0.03611111111111111
0 0.1828125 0.019444444444444445 0.0265625 0.03333333333333333
0 0.44375 0.07777777777777778 0.015625 0.058333333333333334
0 0.75625 0.5166666666666667 0.0390625 0.12222222222222222
1 0.4671875 0.5611111111111111 0.0265625 0.12222222222222222
1 0.296875 0.016666666666666666 0.0140625 0.03333333333333333
1 0.3078125 0.013888888888888888 0.015625 0.025
1 0.3890625 0.041666666666666664 0.0140625 0.05