1 0.2421875 0.9472222222222222 0.0265625 0.10555555555555556
1 0.2125 0.8527777777777777 0.0390625 0.08611111111111111
1 0.20625 0.9194444444444444 0.0390625 0.08611111111111111
1 0.7375 0.46111111111111114 0.0234375 0.09444444444444444
1 0.7 0.4527777777777778 0.0125 0.09444444444444444
1 0.7203125 0.44166666666666665 0.0234375 0.08611111111111111
1 0.678125 0.4777777777777778 0.025 0.09722222222222222
1 0.6171875 0.4111111111111111 0.0171875 0.08055555555555556
1 0.6296875 0.44722222222222224 0.0203125 0.07222222222222222
1 0.6484375 0.42777777777777776 0.0171875 0.07777777777777778
1 0.8296875 0.41388888888888886 0.025 0.08333333333333333
1 0.8515625 0.41388888888888886 0.0140625 0.07222222222222222
1 0.871875 0.41388888888888886 0.028125 0.07777777777777778
1 0.9015625 0.49166666666666664 0.0140625 0.07222222222222222
1 0.790625 0.3416666666666667 0.0171875 0.08333333333333333
1 0.70625 0.25833333333333336 0.009375 0.06388888888888888
1 0.690625 0.3138888888888889 0.015625 0.07777777777777778
1 0.5734375 0.1111111111111111 0.0125 0.06944444444444445
1 0.59375 0.10277777777777777 0.0125 0.05
1 0.5859375 0.16666666666666666 0.0125 0.05555555555555555
1 0.6765625 0.14722222222222223 0.015625 0.058333333333333334
1 0.646875 0.15555555555555556 0.01875 0.06388888888888888
1 0.65625 0.08611111111111111 0.0140625 0.03888888888888889
1 0.6625 0.13055555555555556 0.0140625 0.05277777777777778
1 0.65625 0.2111111111111111 0.0125 0.03611111111111111
1 0.6625 0.25 0.0140625 0.041666666666666664
1 0.6375 0.2861111111111111 0.0109375 0.06944444444444445
1 0.6515625 0.275 0.0109375 0.05277777777777778
1 0.6578125 0.30277777777777776 0.0140625 0.05277777777777778
1 0.68125 0.25833333333333336 0.01875 0.06111111111111111
1 0.740625 0.20833333333333334 0.015625 0.07222222222222222
1 0.7578125 0.20277777777777778 0.0171875 0.06111111111111111
1 0.54375 0.18333333333333332 0.0140625 0.06666666666666667
1 0.5265625 0.19722222222222222 0.0125 0.06111111111111111
1 0.4921875 0.3388888888888889 0.0125 0.07777777777777778
1 0.4859375 0.2833333333333333 0.0140625 0.05277777777777778
1 0.4953125 0.2611111111111111 0.0140625 0.06388888888888888
1 0.428125 0.225 0.0125 0.06111111111111111
1 0.4546875 0.2638888888888889 0.01875 0.06111111111111111
1 0.4453125 0.29444444444444445 0.0140625 0.05277777777777778
1 0.471875 0.3333333333333333 0.015625 0.07777777777777778
1 0.3921875 0.21388888888888888 0.0140625 0.06944444444444445
1 0.3578125 0.2 0.0140625 0.044444444444444446
1 0.371875 0.21666666666666667 0.0078125 0.06111111111111111
1 0.3609375 0.25 0.0140625 0.06944444444444445
1 0.384375 0.29444444444444445 0.0328125 0.07222222222222222
1 0.3796875 0.2361111111111111 0.0125 0.05277777777777778
1 0.4171875 0.25 0.009375 0.030555555555555555
1 0.4265625 0.29444444444444445 0.0109375 0.06388888888888888
1 0.4109375 0.2777777777777778 0.0109375 0.058333333333333334
1 0.409375 0.33055555555555555 0.0125 0.06944444444444445
1 0.4078125 0.425 0.021875 0.07222222222222222
1 0.2984375 0.3416666666666667 0.021875 0.06666666666666667
1 0.30625 0.3055555555555556 0.01875 0.05555555555555555
1 0.3046875 0.2361111111111111 0.01875 0.06944444444444445
1 0.2703125 0.21944444444444444 0.01875 0.075
1 0.33125 0.15 0.025 0.075
1 0.428125 0.09444444444444444 0.009375 0.05
0 0.115625 0.8972222222222223 0.0640625 0.16111111111111112
0 0.1828125 0.7555555555555555 0.0359375 0.12222222222222222
0 0.190625 0.6416666666666667 0.046875 0.125
0 0.3546875 0.725 0.034375 0.1111111111111111
0 0.3578125 0.8388888888888889 0.0375 0.10555555555555556
0 0.30625 0.8055555555555556 0.040625 0.1527777777777778
0 0.4234375 0.9666666666666667 0.0421875 0.06666666666666667
0 0.5296875 0.6694444444444444 0.0328125 0.13333333333333333
0 0.44375 0.6611111111111111 0.03125 0.10833333333333334
0 0.3890625 0.575 0.0234375 0.11944444444444445
1 0.415625 0.5777777777777777 0.0171875 0.08333333333333333
0 0.3515625 0.5666666666666667 0.028125 0.10277777777777777
0 0.3359375 0.4583333333333333 0.0234375 0.09444444444444444
0 0.4171875 0.5 0.0265625 0.08333333333333333
0 0.45 0.5638888888888889 0.0265625 0.08888888888888889
0 0.478125 0.5333333333333333 0.0234375 0.08611111111111111
0 0.509375 0.5361111111111111 0.021875 0.09444444444444444
1 0.55625 0.4638888888888889 0.021875 0.09444444444444444
0 0.5171875 0.4527777777777778 0.021875 0.07222222222222222
0 0.5390625 0.43333333333333335 0.021875 0.08055555555555556
0 0.5546875 0.37222222222222223 0.01875 0.07222222222222222
1 0.51875 0.35 0.0140625 0.07777777777777778
1 0.5265625 0.3138888888888889 0.0140625 0.06111111111111111
1 0.6 0.26666666666666666 0.0171875 0.07222222222222222
1 0.621875 0.22777777777777777 0.015625 0.06111111111111111
0 0.4875 0.16111111111111112 0.0203125 0.07222222222222222
0 0.45 0.37222222222222223 0.01875 0.075
0 0.459375 0.45 0.0265625 0.08611111111111111
1 0.6125 0.3277777777777778 0.015625 0.06111111111111111
1 0.5796875 0.32222222222222224 0.015625 0.07777777777777778
1 0.5734375 0.26666666666666666 0.0125 0.05
0 0.6328125 0.03611111111111111 0.0109375 0.05
0 0.6578125 0.025 0.0140625 0.05
0 0.678125 0.04722222222222222 0.015625 0.027777777777777776
0 0.6828125 0.08611111111111111 0.025 0.041666666666666664
0 0.7 0.12777777777777777 0.021875 0.05555555555555555
0 0.61875 0.08611111111111111 0.0125 0.058333333333333334
0 0.6203125 0.1388888888888889 0.015625 0.04722222222222222
0 0.6171875 0.18055555555555555 0.01875 0.03611111111111111
1 0.6703125 0.20833333333333334 0.0125 0.05555555555555555
0 0.7046875 0.20277777777777778 0.0171875 0.06388888888888888
0 0.7609375 0.37222222222222223 0.028125 0.08055555555555556
0 0.7296875 0.325 0.0203125 0.06666666666666667
0 0.721875 0.25833333333333336 0.0140625 0.05555555555555555
0 0.703125 0.34444444444444444 0.021875 0.075
0 0.7546875 0.28888888888888886 0.01875 0.06944444444444445
1 0.7765625 0.2722222222222222 0.021875 0.06388888888888888
1 0.8234375 0.35 0.0171875 0.07777777777777778
0 0.7984375 0.25833333333333336 0.021875 0.027777777777777776
0 0.515625 0.08055555555555556 0.015625 0.06111111111111111
0 0.4015625 0.07777777777777778 0.0203125 0.058333333333333334
0 0.353125 0.15 0.0203125 0.058333333333333334
0 0.25 0.16666666666666666 0.021875 0.06388888888888888
0 0.2359375 0.31666666666666665 0.025 0.06666666666666667
0 0.234375 0.38333333333333336 0.025 0.075
0 0.29375 0.4 0.025 0.08055555555555556
0 0.34375 0.3638888888888889 0.028125 0.07222222222222222
0 0.3375 0.26666666666666666 0.0234375 0.08055555555555556
1 0.2765625 0.5611111111111111 0.04375 0.12222222222222222
0 0.24375 0.7333333333333333 0.0578125 0.19444444444444445
0 0.16875 0.9722222222222222 0.0375 0.05277777777777778
0 0.775 0.5722222222222222 0.028125 0.1
0 0.7265625 0.5444444444444444 0.03125 0.09166666666666666
0 0.8734375 0.5472222222222223 0.0578125 0.11388888888888889
0 0.9734375 0.6694444444444444 0.053125 0.075
0 0.6765625 0.019444444444444445 0.0109375 0.030555555555555555
0 0.4203125 0.3888888888888889 0.021875 0.08055555555555556
0 0.596875 0.21944444444444444 0.015625 0.03888888888888889
0 0.5171875 0.26944444444444443 0.01875 0.06388888888888888
0 0.5671875 0.17222222222222222 0.01875 0.041666666666666664
1 0.5359375 0.24722222222222223 0.0125 0.041666666666666664
1 0.5390625 0.30277777777777776 0.0109375 0.07222222222222222
1 0.5515625 0.275 0.0109375 0.06111111111111111
1 0.5546875 0.23055555555555557 0.0078125 0.027777777777777776
1 0.5921875 0.1361111111111111 0.009375 0.027777777777777776
0 0.6453125 0.35 0.0140625 0.075
0 0.6671875 0.4027777777777778 0.0234375 0.08888888888888889