0 0.19392208975636874 0.7260899100464294 0.05460595928386876 0.13243624704738138
0 0.24332849784053168 0.05258111664003238 0.02720285009228505 0.06344034574591295
0 0.998372152990034 0.883577540584028 0.003255694019932065 0.05349385195220293
1 0.4526357557032126 0.7270696778750355 0.029265997840531632 0.07747481179947707
1 0.25889054595791855 0.31033214131466524 0.029065738741233017 0.07191925624392136
0 0.14869113047249996 0.6020971385502046 0.04861677513842757 0.09588840444224489
1 0.5870922964193438 0.5863355324411725 0.03505492288667433 0.10846709884905784
1 0.6011967643410859 0.4122208070781738 0.026541516039128864 0.08829476858123794
1 0.3588323843300113 0.12543289411675748 0.017927979641934398 0.06534466053564003
1 0.2872715715577715 0.7062441690548115 0.059293459283868796 0.13287297854140673
0 0.34977636181247734 0.2656319774877224 0.029366127390180984 0.0802525895772547
0 0.3080523318936878 0.02370656364703291 0.022114831893687813 0.04741312729406582
0 0.3553578423772624 0.9423789034638238 0.039402461443337075 0.05627162972998039
1 0.2213437877814705 0.9214196291278752 0.039903109191583755 0.0701605186188696
0 0.22453413479143663 0.44452712598709865 0.04266716378737563 0.1036394291168779
0 0.37749605335917413 0.6866895823925437 0.04276729333702489 0.10641720689465552
0 0.40476185533407244 0.486264662547469 0.0387807001845701 0.12542491984507476
1 0.6381775277593211 0.26384577918750135 0.019690738741233105 0.07104579325587071
1 0.9073466347914365 0.3809099050240737 0.03239099784053181 0.07776596612882716
0 0.8679603670542647 0.6800128187381217 0.037218200184570095 0.12527934268039978
1 0.9933319474852347 0.3695430745304641 0.013336105029530643 0.06051699080346001
0 0.4655644432447398 0.012079067290766625 0.017427331893687635 0.02415813458153325
1 0.634009264341086 0.4091636866199964 0.026541516039128864 0.08829476858123794
0 0.3424411304725 0.5840455701304904 0.029706088833518152 0.13288479019035734
1 0.6144816070321154 0.08489157244337203 0.013701554595791875 0.03449795065073423
1 0.5818879549649321 0.2244965355066859 0.023677331893687637 0.05203808030545155
1 0.7542402236249547 0.5261687542118157 0.03229086829088246 0.07498818835104938
0 0.46918290561092757 0.664211640787823 0.030367422886674156 0.10803036735503248
0 0.24480466686969454 0.6154391537272449 0.0319904796419344 0.06665485501771605
0 0.38933232417866515 0.9280650947298603 0.03551599784053172 0.07805712045817725
1 0.5791820619970475 0.3668910879967281 0.02533996144333699 0.05496143524790445
0 0.36586004163898184 0.4508696256107828 0.023677331893687814 0.05203808030545171
1 0.4579078392949434 0.39491277350805376 0.022415220542635693 0.06022583647410992
1 0.7109141209117761 0.2375592080033265 0.020852720542635695 0.06008025930943472
0 0.21467707587670812 0.5625039871358414 0.03515505243632351 0.11124487662683562
1 0.47914248920265834 0.3316180049268159 0.023376943244739757 0.0437047469721183
1 0.6877140576781109 0.5072829951281707 0.02770349784053181 0.07732923463480196
0 0.4067272686600226 0.27983564400386274 0.03299177513842757 0.09443263279549383
1 0.8154409346068665 0.2668400040236578 0.02145349784053181 0.07674692597610139
0 0.6217724753229976 0.15667706317156893 0.02065246144333699 0.05452470375387916
0 0.6814850416389818 0.42146303834640975 0.02740310919158375 0.06899590130146863
0 0.7051461798265045 0.12103811850133496 0.023015997840531634 0.0768925031407765
0 0.5054207942598755 0.6691966993336288 0.036717552436323506 0.11139045379151058
0 0.48485466378737563 0.055162233280064754 0.01762759099298634 0.0570113272023067
1 0.5510384731635294 0.23851918991129928 0.020552331893687815 0.051746925976101386
0 0.37827850092285065 0.577919517565185 0.03475453423772627 0.1001337655157245
0 0.25722552128091625 0.5250944931916048 0.03279151603912896 0.08887707723993828
0 0.4735724120893325 0.4380470234704221 0.022715609191583754 0.06855916980744325
1 0.7344913232558145 0.28274334992009714 0.02045220234403846 0.04896914819832361
1 0.5596915823551132 0.30460354791926547 0.018889702344038462 0.04882357103364849
1 0.6647772054263574 0.5233555414871862 0.021353368290882458 0.07396914819832369
0 0.4681792149870814 0.8538284155000876 0.03545544108527139 0.11957820996016912
1 0.40458497532299775 0.1769122890614098 0.0366779796419344 0.06709158651174142
0 0.33351340684754527 0.004340813609401321 0.018589313695090492 0.008681627218802642
1 0.8554837461424887 0.3773806181250191 0.027142293337024982 0.1049614352479046
1 0.4395769463270588 0.5387630976448471 0.022354663787375627 0.10174692597610147
0 0.46028996452565607 0.5479817056151818 0.025379534237726275 0.09926030252767393
1 0.6209504549649321 0.22085710638980802 0.020352072794389286 0.04619137042054583
0 0.5770373735326697 0.4813622855443175 0.027002590992986342 0.05788479019035735
1 0.47559838217054295 0.18980576109547412 0.018128238741233104 0.07090021609119558
1 0.45480382325581453 0.3088016623969426 0.02065246144333699 0.05452470375387916
1 0.6011176187523077 0.32304076385993474 0.01989099784053163 0.07660134881142626
1 0.5485328392949433 0.38646929795689716 0.021914572794389287 0.046336947585221035
1 0.6832687846991515 0.3404707512968288 0.022415220542635693 0.06022583647410976
0 0.6891788232558145 0.2869650876956754 0.0273029796419344 0.06621812352369069
0 0.5483163864894796 0.03256322227360042 0.0163654796419344 0.06512644454720085
0 0.7430071252307127 0.08406535605112377 0.02720285009228505 0.06344034574591295
0 0.552477464525656 0.53939265289935 0.03162953423772628 0.09984261118637426
1 0.5548853639719458 0.17127021458593217 0.015464313695090581 0.04019908337096491
1 0.5319275277593213 0.2737450263854091 0.015163925046142524 0.03186575003763158
0 0.675619366131414 0.08476961857659814 0.0163654796419344 0.06519908337096493
1 0.7012573210963462 0.3610916247076248 0.023216256939830336 0.08244805869633198
0 0.8267765576781109 0.4943266274720854 0.04130492288667398 0.10904940750775832
0 0.5358931369509049 0.3402661158874007 0.02533996144333699 0.05496143524790453
0 0.4847497439830203 0.4871735604823714 0.023076554595791877 0.035371413638784883
1 0.6448256508305656 0.4917691341299542 0.031229016039128865 0.08873150007526315
1 0.41919009099298643 0.02109798633183145 0.012739831893687815 0.0421959726636629
0 0.7204264281284616 0.5014480968922155 0.03239099784053181 0.07776596612882716
1 0.5458479302879298 0.442461585006478 0.0210529796419344 0.06563581486499019
1 0.42465764342930995 0.12487420875595821 0.014802979641934399 0.06505350620628979
1 0.5793031755075678 0.2832666003340446 0.020552331893687815 0.051746925976101386
0 0.3342862739018099 0.7492446535014554 0.03948160703211538 0.14486936428951935
0 0.5036022686600227 0.2708098597940056 0.02477875693983016 0.08259363586100711
0 0.7376978639719457 0.15423768631894377 0.01989099784053181 0.07660134881142626
1 0.41704300740125566 0.3485522026249316 0.023577202344038463 0.04926030252767377
0 0.517140741823552 0.5594075943535443 0.02860466378737563 0.1023292346348018
0 0.7704102344222964 0.1484027880829886 0.025840609191583753 0.06885032413679341
0 0.7305257140642307 0.21622226041810558 0.01822836829088246 0.07367799386897336
1 0.6886991594684388 0.18667393336632523 0.021253238741233103 0.07119137042054582
0 0.8074839420081222 0.6549891954402206 0.039542163787375274 0.10334827478752764
1 0.3235562183831674 0.10363559173960998 0.02760336829088237 0.07455145685702405
0 0.647515350092285 0.01471030855955232 0.016065090992986343 0.02942061711910464
1 0.7998135394795135 0.48569032816045127 0.03455427513842757 0.09457820996016895
0 0.6006589389258032 0.13634734409012317 0.011878238741233105 0.07031790743249514
0 0.3056024645256561 0.5623938449180181 0.030167163787375627 0.10247481179947691
1 0.3133777868586199 0.2996813849954807 0.016966256939830338 0.08186575003763165
0 0.36295149444444563 0.8051031750353117 0.04140505243632351 0.11182718528553627
0 0.6811894432447398 0.0007181426216323968 0.02035207279438911 0.0014362852432647935
1 0.5911652205426356 0.01034985878809116 0.013701554595791875 0.02069971757618232
1 0.29586891424880085 0.379351665914035 0.02171431369509058 0.04078139202966548
0 0.485289964525656 0.5456524709803799 0.02221496144333699 0.05467028091855421
0 0.6993176819859729 0.04632927283068519 0.019290220542635694 0.059934682144759596
1 0.4422432665005543 0.3517785235456853 0.02005168414544123 0.0378580370872125
1 0.49414572794389144 0.3998978320538594 0.023977720542635694 0.060371413638785044
0 0.623416516039129 0.028316976735090683 0.015964961443337165 0.05408797225985381
1 0.5092724753229977 0.16715861902817716 0.01822836829088246 0.07367799386897336
1 0.3949701434293099 0.1276401748847854 0.013701554595791875 0.03449795065073427
1 0.6545663864894797 0.025457476758975646 0.012940090992986342 0.05091495351795129
1 0.6179651573089705 0.26851606010605555 0.01702681369509058 0.04034466053564003
1 0.6541844571244004 0.14250883160228042 0.015764702344038463 0.04853241670429824
1 0.4772190437984502 0.3652424925894995 0.01975129549649317 0.029524703753879087
1 0.6575678778516063 0.32335554148718615 0.019991127390180986 0.07937912658920412
1 0.7703868553340725 0.4521996060134922 0.02952681369509058 0.04150927785304093
1 0.42715848704319004 0.41171320569044495 0.021553627390180984 0.07952470375387924
0 0.8397796005537103 0.2896563465535311 0.03375323874123311 0.07235598773794673
1 0.5758406091915838 0.022152461431409063 0.013140350092285046 0.044304922862818126
1 0.807488732262828 0.22020009046013606 0.016565738741233106 0.07075463892652047
1 0.38170867982650447 0.15117259158908367 0.015103368290882279 0.07338683953962312
1 0.3957316070321154 0.10527237549788807 0.013301036397194644 0.02338683953962312
1 0.6862960502768551 0.12000726669965857 0.014602720542635695 0.05949795065073423
0 0.7239357526208936 0.16388121413435314 0.012739831893687636 0.05101904015272578
1 0.7901009731635293 0.21624588371600678 0.01732720234403846 0.04867799386897336
0 0.7876163232558144 0.27779372632114324 0.027803627390180986 0.08010701241257957
1 0.5907227344222964 0.16514416202062676 0.01646560919158375 0.06797686114874268
1 0.9260756508305656 0.4655652444884336 0.04090440468807692 0.09793829639664706
1 0.9885081947858992 0.559596580736754 0.022983610428201472 0.0640226544046134
1 0.9893302151439649 0.4205621146831899 0.021339569712070273 0.0409269691943406
0 0.7541191101144344 0.6097932418744993 0.03309190468807692 0.09721041057327176
0 0.7638970234403846 0.4026363375075175 0.04342862739018098 0.08156278405933064
0 0.7266974120893325 0.4144635227930536 0.03521560919158375 0.06972378712484407
1 0.6726922301033598 0.30801088095154616 0.013140350092285046 0.06213015126383697
0 0.4161184623661877 0.6273490205554352 0.03233044108527157 0.11928705563081886
0 0.5163211165928393 0.40619308508174123 0.022154404688076924 0.09619137042054592
1 0.4877979935215951 0.18030781044473987 0.014903109191583752 0.06783128398406757
1 0.5888808297342194 0.0705541404115072 0.016065090992986343 0.05686575003763158
1 0.587479016039129 0.031665251522618315 0.008613536397194643 0.022950108045597804
0 0.7319065437984502 0.3415134147474558 0.046854016039128865 0.0901872717220143
1 0.673416516039129 0.02465680235326252 0.015864831893687814 0.04931360470652504
1 0.9683842643410859 0.37801017337952203 0.023577202344038282 0.04926030252767393
0 0.7951494185677376 0.182330241723973 0.019651165946843817 0.026746925976101385
0 0.4363680104835746 0.8846633137360426 0.043868718383167506 0.13697276245021106
1 0.30850861659283935 0.4255548479835314 0.02760336829088228 0.07455145685702402
1 0.3801066070321154 0.10672814714463921 0.011938795496493172 0.028796817930503555
1 0.6523821252307126 0.09250883160228042 0.013701554595791875 0.03449795065073423