0 0.18260420199158375 0.4774339039266222 0.03773810217691827 0.0938977158286393
1 0.48530258293962447 0.0772928848401161 0.019895837748947896 0.059497358983058274
1 0.31122027531256147 0.5103880791997425 0.02609127404661713 0.05710758975518881
0 0.3586160865678216 0.22201948520729647 0.016334328130301133 0.03708113248588189
0 0.134593321043543 0.8933862714218919 0.06953373920022683 0.12361553635595897
0 0.9317758558899334 0.8790654747837894 0.04129961179556503 0.11631394232581568
0 0.25717758293962456 0.06313057276846286 0.014717264427970278 0.034206352570627034
0 0.41459824645662097 0.45022055574404 0.02033234736759475 0.0817195812052805
1 0.30913198565684774 0.5629718527025661 0.03859127404661713 0.05788360685500543
1 0.30796132213985133 0.18558208347469668 0.01795139183263199 0.03995591240113675
1 0.6022272212288775 0.5478749212149233 0.026309528855940557 0.06821870086629991
0 0.40465278366526397 0.10280432924686364 0.013373019237293704 0.04522046154426107
1 0.3500942584375205 0.18542336340879997 0.018060519237293703 0.0455114679566923
0 0.404270837748948 0.0833598848024192 0.013045637023308566 0.028553794877594404
1 0.7298164747722564 0.13131410717542902 0.01935020072563951 0.0317195812052805
0 0.424007962791357 0.3731217929286018 0.031051592558271324 0.07128748505650893
1 0.7153571598887993 0.26913597255207006 0.017896828130301044 0.03717813462335897
0 0.48388890507947585 0.2436685450943515 0.01973214664195542 0.051164025649724935
1 0.41174108656782166 0.2253175578815171 0.016443455534962938 0.04263668804143745
1 0.30103671034428625 0.07140218817337655 0.01499008293962456 0.04809524145951593
0 0.23579863466105583 0.32537042532024146 0.032395837748947984 0.0602733760828749
0 0.31050596878180675 0.23567908561217377 0.027872028855940555 0.068315703003777
1 0.29080853847458743 0.10683428432214813 0.015044646641955418 0.050873019237293704
0 0.4559077488188736 0.169797286535019 0.015208337748947897 0.059206352570627035
1 0.5733482199629332 0.11050278231661019 0.013373019237293704 0.04522046154426107
0 0.3835615228654908 0.2207937416291519 0.015099210344286273 0.05365079701507148
1 0.740501003628197 0.19856278666695815 0.01310020072563951 0.03133157265537218
0 0.2907689099736174 0.8198501539737433 0.040699411069925695 0.08575838677026013
1 0.694479175497896 0.1596386135690118 0.014771828130301045 0.036984130348404774
1 0.4105803798517324 0.3251235536065629 0.014717264427970278 0.034206352570627034
0 0.571557574586922 0.4960318806028588 0.027817465153609788 0.06553792522599906
1 0.5448412740466171 0.08931229939757836 0.01359127404661713 0.056331572655372184
1 0.45758435462398894 0.41404772670450934 0.019623019237293704 0.045608470094169386
0 0.886349250084818 0.6320989747649409 0.0395188569862416 0.10510582907722765
1 0.7286359206885725 0.15066154948239638 0.01984127404661713 0.05671958120528049
1 0.625381945916316 0.05824529943527526 0.01795139183263199 0.03995591240113675
1 0.5691121647829408 0.8482276455557741 0.032886911069925695 0.0852733760828749
1 0.6596032116102306 0.5292417780793529 0.018824411069925696 0.0844003568455812
1 0.34785714664195544 0.0715344745199111 0.016661710344286273 0.05374779915254854
1 0.7429762176006804 0.40402134008503665 0.02269345553496276 0.043024696591345765
1 0.23834825970346488 0.6140653099341762 0.02140377404661713 0.05681658334275757
0 0.5711210649682752 0.4738096583806366 0.02236607332097762 0.026358029924679095
1 0.47071429328391085 0.12910064124312312 0.015208337748947897 0.059206352570627035
1 0.2474702885594054 0.6812169872882282 0.03077877404661713 0.05739859616762004
1 0.4114682680561673 0.21142866899262822 0.013045637023308387 0.028553794877594404
0 0.19262898801910044 0.27275136760836033 0.048948420688572504 0.1084656196798679
1 0.3563145205032381 0.5020900300754667 0.022222229581579888 0.09848325000942423
1 0.3797520205032381 0.5035450621376227 0.02216766587924912 0.0957054722316463
1 0.36734130054030495 0.4278660471752832 0.021676592558271413 0.0707054722316463
1 0.38598217313564326 0.4234745172694526 0.025019847367594838 0.08201058761771172
1 0.3633978450053421 0.38600537623366243 0.019895837748947987 0.059497358983058274
0 0.3518055805773718 0.3519930279379896 0.02669147477225655 0.08766314531074436
1 0.24615578130301125 0.37595243814510393 0.05626984736759484 0.08395063036725313
0 0.23302086424263582 0.42230164113003243 0.03757441106992569 0.08556438249530614
1 0.4441419027172232 0.5241888164408497 0.024910719962933214 0.07645503206215618
1 0.5207044027172232 0.5289419211772264 0.03337798439090349 0.1102733760828749
1 0.6965079892850448 0.7396121562997049 0.031597229581579886 0.09906526283428686
0 0.6888542019915838 0.5088625964691952 0.03305060217691817 0.09360670941620823
1 0.7458135301218849 0.548465784529481 0.026964293283910833 0.10155203419963325
1 0.7234474568009073 0.522107754604802 0.023511911069925694 0.08469136325801242
1 0.700153800540305 0.44852750245790063 0.023184528855940557 0.06802469659134576
0 0.4802182680561673 0.2156967630416196 0.019513891832631813 0.04005291453861383
1 0.47950893992586624 0.17958565193050852 0.021185519237293705 0.04570547223164646
1 0.5137400961864685 0.2538449190397493 0.017098219962933214 0.07597002137477078
0 0.5036012043538365 0.21437401732599798 0.017098219962933214 0.07597002137477078
1 0.4916269940095502 0.16091722458588065 0.01687996515360979 0.06485891026365967
1 0.49437004809323426 0.14166678441639036 0.016770837748947897 0.05930335470810411
0 0.4308333377489479 0.08500892113952951 0.013645837748947898 0.05910935043314996
1 0.4454960384745874 0.11643749593237875 0.015262901451278843 0.06198413034840482
1 0.529652783665264 0.11056450024502983 0.01359127404661713 0.056331572655372184
1 0.5443700480932343 0.14477085281565685 0.013427582939624472 0.047998239322038845
1 0.5496577488188736 0.17561741478364362 0.01704365626060227 0.073192243596993
1 0.564791675497896 0.15158743615841438 0.015317465153609789 0.0647619081261826
0 0.5914633029025577 0.15879202805108025 0.016825401451278844 0.06208113248588185
0 0.6723115096186468 0.06393314133736534 0.016498019237293705 0.045414465819215225
1 0.6652083377489479 0.09955924176109107 0.01671627404661713 0.05652557693032634
1 0.6793254014512788 0.10321003877616254 0.01202877404661713 0.056234570517895106
1 0.6355754014512789 0.1004939789268044 0.018169646641955417 0.05106702351224786
1 0.652291675497896 0.1570195558571307 0.012137901451278844 0.061790126073450656
1 0.6378472295815799 0.1367020921753926 0.016661710344286363 0.05374779915254856
0 0.6709325480932342 0.15262802595130007 0.02151290145127884 0.062372138898313126
0 0.7079960384745874 0.1327338550285277 0.015317465153609789 0.0647619081261826
1 0.7254216406515056 0.22537054306996515 0.018715283665263982 0.07884480129002563
1 0.7476785865678217 0.24617301743908868 0.013536710344286362 0.0535537948775944
1 0.7483879146981227 0.2822841285501998 0.015481156260602268 0.07309524145951593
1 0.7310020072563942 0.3505645473449193 0.020223219962933213 0.07616402564972494
1 0.6056349303072194 0.1652206028439295 0.013536710344286362 0.0535537948775944
1 0.6149553666048885 0.16302483789101418 0.01822421034428636 0.05384480129002564
1 0.609305567330528 0.19319238489666143 0.015208337748947897 0.059206352570627035
1 0.6325793762235353 0.18631408362548427 0.011974210344286362 0.053456792740117325
1 0.6408283858421822 0.20902131653509187 0.016770837748947897 0.05930335470810411
0 0.6597420769491749 0.21851867551815016 0.018005955534962936 0.04273369017891453
1 0.6119047776748141 0.2460671648119163 0.019950401451278667 0.06227513676083605
1 0.6046924784004537 0.27613770968008644 0.018551592558271324 0.0705114679566923
1 0.5874504146981228 0.2722929083900608 0.01715278366526398 0.07874779915254856
1 0.6139781983633867 0.35162272036747183 0.01704365626060227 0.073192243596993
1 0.6181200613400781 0.3241359490021253 0.018551592558271324 0.0705114679566923
1 0.6356150961864685 0.26141108576296135 0.014990082939624472 0.04809524145951593
1 0.6331994243167696 0.2973281925991183 0.016825401451278844 0.062081132485881894
1 0.6504414880191005 0.3011729938891439 0.015535719962933214 0.0758730192372937
1 0.6562004146981227 0.27656100243905224 0.013700401451278843 0.06188712821092774
1 0.670153787293461 0.27187846612079036 0.01079365626060227 0.07280423504708469
1 0.682708350995792 0.27543226099838475 0.015535719962933214 0.0758730192372937
0 0.6901041887447399 0.3341536028816264 0.023239092558271324 0.07080247436912354
0 0.7049851442797027 0.3766932887855867 0.02189484736759475 0.08181658334275757
1 0.7727877139724834 0.2532806071942775 0.013427582939624472 0.047998239322038845
1 0.7795833509957919 0.28144639352196354 0.013482146641955416 0.05077601709981663
1 0.7625049784004536 0.2859349255652713 0.012301592558271323 0.070123459406784
1 0.7695734339354164 0.3279896007818462 0.017098219962933214 0.07597002137477078
0 0.8251736479078998 0.5367462268741453 0.052400802902557685 0.12532629062148873
1 0.940307574586922 0.518924385047449 0.036230165879248946 0.09657849146894017