1 0.48921711531006984 0.8175395681542366 0.03637521751493065 0.1549118248022735
1 0.4042160277354167 0.05830678186424746 0.01326371941479163 0.05910935043314996
1 0.3346295731382639 0.00858902609927618 0.014535278685347208 0.01717805219855236
1 0.35955683795590276 0.0022089523751654713 0.011264808320624996 0.004417904750330943
1 0.3502545731382639 0.008749958787596702 0.011446646276527783 0.017499917575193404
0 0.4575956008736807 0.07445315363447128 0.01802395459715278 0.06495591240113673
0 0.5049446859797918 0.22719564720319163 0.02271145459715278 0.06524691881356798
0 0.6643560535709723 0.22007920695830754 0.016570557370694416 0.073192243596993
0 0.5680239545971528 0.028677112984709922 0.03194098423243048 0.054717820527319314
0 0.30189111474138897 0.12582003404884567 0.021185322188333355 0.06792769445386869
0 0.22049433795590279 0.006049357857774377 0.025290940729444423 0.012098715715548753
0 0.12205683795590279 0.010566565680299001 0.03005117591180557 0.021133131360598002
0 0.16025696713368096 0.8935625747174555 0.05825021751493065 0.1562698547269526
0 0.10735017268076433 0.9135273140583429 0.06457295269729176 0.16221341883241647
1 0.19865570554708334 0.010773786814934237 0.017623911094166677 0.021547573629868474