0 0.2171875 0.1527777777777778 0.0234375 0.06388888888888888
0 0.2046875 0.21388888888888888 0.03125 0.06666666666666667
0 0.7625 0.7111111111111111 0.0421875 0.12222222222222222
0 0.2828125 0.6638888888888889 0.04375 0.10555555555555556
1 0.4453125 0.2638888888888889 0.0171875 0.058333333333333334
0 0.259375 0.17222222222222222 0.0203125 0.06388888888888888
1 0.2234375 0.275 0.015625 0.03611111111111111
1 0.6046875 0.7 0.0234375 0.08055555555555556
1 0.35 0.475 0.025 0.05277777777777778
0 0.284375 0.22777777777777777 0.0265625 0.058333333333333334
0 0.2296875 0.41944444444444445 0.028125 0.06944444444444445
0 0.68125 0.2222222222222222 0.015625 0.058333333333333334
0 0.64375 0.8166666666666667 0.053125 0.075
0 0.4453125 0.10277777777777777 0.0171875 0.044444444444444446
1 0.4671875 0.06111111111111111 0.0125 0.044444444444444446
1 0.25625 0.4722222222222222 0.01875 0.04722222222222222
1 0.421875 0.14444444444444443 0.0171875 0.05555555555555555
0 0.115625 0.8972222222222223 0.0671875 0.12222222222222222
1 0.4078125 0.19444444444444445 0.0140625 0.03333333333333333
1 0.68125 0.4888888888888889 0.0296875 0.058333333333333334
1 0.35625 0.5388888888888889 0.01875 0.07222222222222222
1 0.434375 0.03888888888888889 0.0125 0.05555555555555555
0 0.221875 0.8111111111111111 0.0390625 0.1
1 0.83125 0.9333333333333333 0.0375 0.08055555555555556
1 0.6265625 0.39444444444444443 0.021875 0.07777777777777778
0 0.50625 0.10833333333333334 0.0109375 0.06388888888888888
0 0.1875 0.275 0.01875 0.06666666666666667
1 0.5984375 0.15833333333333333 0.0125 0.06388888888888888
1 0.565625 0.08333333333333333 0.0109375 0.05555555555555555
0 0.2796875 0.10277777777777777 0.0203125 0.058333333333333334
0 0.7234375 0.4166666666666667 0.0234375 0.06944444444444445
1 0.246875 0.5333333333333333 0.03125 0.08611111111111111
1 0.3171875 0.5111111111111111 0.0171875 0.05277777777777778
1 0.5984375 0.08888888888888889 0.009375 0.058333333333333334
1 0.3078125 0.4777777777777778 0.0171875 0.027777777777777776
1 0.603125 0.19166666666666668 0.0109375 0.03611111111111111
1 0.4875 0.10555555555555556 0.0125 0.041666666666666664
0 0.109375 0.16111111111111112 0.0640625 0.06666666666666667
1 0.6703125 0.625 0.0171875 0.05277777777777778
1 0.5359375 0.6 0.028125 0.08333333333333333
1 0.6828125 0.16944444444444445 0.0140625 0.044444444444444446
0 0.015625 0.4361111111111111 0.03125 0.058333333333333334
0 0.6140625 0.3138888888888889 0.0296875 0.06944444444444445
1 0.33125 0.6333333333333333 0.0203125 0.09166666666666666
1 0.3203125 0.7944444444444444 0.0671875 0.09722222222222222
1 0.3703125 0.6583333333333333 0.0234375 0.10277777777777777
1 0.3984375 0.6583333333333333 0.03125 0.09444444444444444
1 0.3875 0.5166666666666667 0.0265625 0.08333333333333333
1 0.296875 0.44166666666666665 0.025 0.07777777777777778
1 0.3046875 0.3972222222222222 0.0234375 0.07777777777777778
0 0.259375 0.09166666666666666 0.01875 0.06388888888888888
1 0.2828125 0.03888888888888889 0.0140625 0.05
1 0.3171875 0.07222222222222222 0.0125 0.05555555555555555
1 0.3109375 0.12222222222222222 0.0203125 0.05555555555555555
0 0.346875 0.06666666666666667 0.015625 0.058333333333333334
1 0.3640625 0.08055555555555556 0.0125 0.05277777777777778
1 0.378125 0.07222222222222222 0.0140625 0.05555555555555555
0 0.3921875 0.04722222222222222 0.0109375 0.041666666666666664
1 0.396875 0.08611111111111111 0.0109375 0.06388888888888888
1 0.484375 0.15833333333333333 0.0203125 0.06666666666666667
1 0.5 0.05 0.009375 0.04722222222222222
1 0.5234375 0.027777777777777776 0.009375 0.04722222222222222
1 0.5234375 0.08333333333333333 0.0109375 0.058333333333333334
1 0.5296875 0.10833333333333334 0.0125 0.06666666666666667
1 0.54375 0.1 0.0140625 0.058333333333333334
1 0.5359375 0.06666666666666667 0.0109375 0.04722222222222222
1 0.55625 0.027777777777777776 0.0125 0.041666666666666664
1 0.5546875 0.06111111111111111 0.0125 0.05277777777777778
1 0.6078125 0.08888888888888889 0.00625 0.06111111111111111
1 0.61875 0.10833333333333334 0.0109375 0.058333333333333334
1 0.61875 0.15555555555555556 0.009375 0.058333333333333334
1 0.625 0.19166666666666668 0.0140625 0.07777777777777778
1 0.634375 0.17222222222222222 0.0109375 0.06388888888888888
1 0.6453125 0.16944444444444445 0.0125 0.06666666666666667
1 0.659375 0.175 0.0125 0.075
1 0.721875 0.20833333333333334 0.0203125 0.06944444444444445
1 0.740625 0.17777777777777778 0.0125 0.06388888888888888
1 0.7 0.125 0.0125 0.06388888888888888
1 0.715625 0.10833333333333334 0.0125 0.058333333333333334
1 0.7203125 0.1361111111111111 0.0109375 0.05555555555555555
1 0.7265625 0.16666666666666666 0.0140625 0.05277777777777778
1 0.7328125 0.14444444444444443 0.009375 0.044444444444444446
0 0.65 0.08888888888888889 0.009375 0.05555555555555555
1 0.6328125 0.05555555555555555 0.0078125 0.04722222222222222
0 0.6203125 0.04722222222222222 0.0109375 0.041666666666666664
1 0.6453125 0.06111111111111111 0.0078125 0.05
1 0.6609375 0.075 0.009375 0.06666666666666667
0 0.6796875 0.07222222222222222 0.01875 0.06111111111111111
1 0.69375 0.05277777777777778 0.015625 0.05277777777777778
0 0.6734375 0.022222222222222223 0.0140625 0.03333333333333333
0 0.65 0.03333333333333333 0.0125 0.03611111111111111
1 0.7265625 0.3416666666666667 0.0296875 0.075
1 0.6875 0.5472222222222223 0.021875 0.075
1 0.7015625 0.6111111111111112 0.0171875 0.08333333333333333
1 0.4765625 0.5527777777777778 0.0234375 0.07222222222222222
1 0.4953125 0.6916666666666667 0.0265625 0.09166666666666666
0 0.3359375 0.4305555555555556 0.0265625 0.06944444444444445
1 0.3796875 0.22777777777777777 0.025 0.08333333333333333
0 0.3859375 0.3111111111111111 0.0265625 0.08055555555555556
0 0.409375 0.25555555555555554 0.0265625 0.07777777777777778
0 0.478125 0.025 0.0140625 0.04722222222222222
1 0.6671875 0.3861111111111111 0.0171875 0.06666666666666667
1 0.2875 0.5555555555555556 0.028125 0.07777777777777778