1 0.22305369425833543 0.8844221347178446 0.04242969468185844 0.10479840473878584
1 0.2129198310618035 0.9572909575675892 0.052093121018452496 0.06647529139897933
1 0.3835405420933748 0.011768149556108895 0.01230257892507769 0.02353629911221779
1 0.3944780420933748 0.01144484924234761 0.00917757892507769 0.02288969848469522
1 0.4055065473550467 0.01395994551519434 0.010922089448421346 0.02791989103038868
1 0.4163530420933748 0.010919486232485516 0.01230257892507769 0.021838972464971032
1 0.4635920631400621 0.01661114196110497 0.009359589448421347 0.03322228392220994
1 0.4937345894484214 0.024891287763309764 0.01119510523343692 0.04978257552661953
1 0.5123935841867496 0.023037654673389026 0.012757605233436919 0.04607530934677805
1 0.5253486104951088 0.03125693205582547 0.011013094710093263 0.050484950470641936
1 0.6150929209337479 0.190781266708937 0.018082142065139806 0.07580825078440322
1 0.6241655420933748 0.006198650421428385 0.009268584186749607 0.01239730084285677
1 0.6351030420933748 0.00593596891649734 0.010831084186749607 0.01187193783299468
0 0.6013496683734992 0.05793288384624557 0.022405621018452494 0.06493961490861307
0 0.671116136803468 0.03762908864976441 0.017627115756780755 0.06191936189551432
0 0.724498742036905 0.09051741661678933 0.028837631541796326 0.0708184707779299
0 0.6497115736634059 0.016743985983457242 0.01588260523343692 0.033487971966914484
0 0.5692806210184524 0.03454938541505201 0.011377115756780753 0.06159606158175305
0 0.5437485419522005 0.258468934284521 0.021571163111827295 0.08708101205239495
0 0.5777455684017341 0.017173661359475602 0.012757605233436919 0.034347322718951204
1 0.5513650789250777 0.01998442039877183 0.01579159997176518 0.03996884079754366
0 0.5351940473550467 0.0050703554739755016 0.01175654735504672 0.010140710947951003
0 0.44070059471009326 0.02904309187457302 0.011377115756780753 0.05808618374914604
0 0.4782915999717652 0.029482286091788126 0.012939615756780754 0.05896457218357625
0 0.4866655420933748 0.008345858714303584 0.00752407366340595 0.01669171742860717
0 0.40371580517696726 0.140500716108829 0.019644642065139807 0.07588907586284353
0 0.3826598525320139 0.1666322672069935 0.021207142065139982 0.07596990094128388
0 0.34428062101845247 0.046188196710458373 0.01615562101845249 0.06461631459485179
0 0.39161064732681183 0.0576523332461376 0.019280621018452494 0.06477796475173242
1 0.3708585315700311 0.007270751297979234 0.015154563140062204 0.014541502595958468
0 0.3276545631400622 0.02231139755464271 0.017445105233436918 0.04462279510928542
0 0.2998025789250777 0.02930902953021569 0.019280621018452494 0.05861805906043138
1 0.27131355787839034 0.023725836427348348 0.014502115756780665 0.047451672854696696
0 0.30213643657758915 0.4796534550898655 0.05456567363517095 0.09433389425519734
0 0.41098081555913657 0.4100259856317138 0.029474668373499213 0.09026291522237434
0 0.41092063140062185 0.31264211325261093 0.023042657850155558 0.08438405935305755
0 0.1514098525320139 0.1785943788161612 0.03848564732681177 0.07963675458190522
0 0.069157336605824 0.4388377889212554 0.06163472099021765 0.11965719456895856
0 0.13226355233436982 0.549655324829412 0.05916216837349917 0.09179859171274056
0 0.1663501259977757 0.5868468870710543 0.0393046946818584 0.10463675458190506
0 0.20043669966118158 0.6240384493126963 0.03581567363517104 0.0933639933139135
0 0.12485984698799335 0.7058574810124901 0.05989021046687397 0.11402081393496277
0 0.13905812585660135 0.8525947527640704 0.07642526308359247 0.14260684249714345
0 0.29928299431480515 0.7747445001618325 0.03801521046687402 0.11288926283679833
0 0.33204926266006946 0.9149563154165735 0.04481124203690499 0.1298792298172259
0 0.37168861533325764 0.8349962605209069 0.034981215728545755 0.11550539045769534
0 0.4163948996047118 0.7186017942003681 0.04141322625188941 0.12138424632701211
0 0.45324245222143034 0.7445205951740184 0.03921368942018653 0.1018589768041276
0 0.47818081001511603 0.9324395831216234 0.037105157850155376 0.08511148505902055
0 0.5244341837349917 0.8632673390233069 0.0339647472985769 0.1320912320459216
1 0.6614035627165392 0.7921850181532293 0.0403211631118273 0.08805091299367879
1 0.6089155995482421 0.8143775152646447 0.023588689420186527 0.10105072601972438
1 0.5745405995482422 0.8161556669903316 0.027912168373499212 0.09018209014393379
1 0.4414088521084909 0.9566016072264135 0.03583108418674961 0.04622259617013166
1 0.7930931784733198 0.8465876477537937 0.026440673635170952 0.0928790428432715
1 0.8136030995482422 0.8037894299889624 0.02763915258848364 0.08184875681060078
1 0.6283628205384598 0.9302359311469082 0.021207142065139805 0.07596990094128399
1 0.6096128205384599 0.9312058320881919 0.0212981473268119 0.07874767871906177
1 0.5859023047534443 0.9240848749314635 0.02773015785015538 0.08462653458837856
1 0.8431995942865704 0.7994759757208186 0.03774219468185862 0.104555929503465
1 0.8829145416698518 0.7695967459035924 0.02956567363517095 0.09304069300015196
1 0.8954747258283664 0.8663340176551726 0.04353716837349921 0.09099034092833702
1 0.8654077942301004 0.9040616303350901 0.02836719468185862 0.10407097903282268
1 0.9254660627165391 0.778525579896815 0.04638915258848364 0.08281865775188445
1 0.9398617626600695 0.8835153599032881 0.03728716837349921 0.0906670406145761
0 0.893656078642729 0.5241824005178641 0.05778167889684269 0.09727332218985572
0 0.9881849340526341 0.5938479453408029 0.023630131894731933 0.110515610451222
0 0.9686151576736876 0.8151513665893747 0.06276968465262485 0.07831382821605327
0 0.689755346846819 0.9409726419766244 0.04070059471009344 0.05202062696100806
0 0.736084315276788 0.921881222956748 0.03398015785015538 0.08494983490213978
0 0.8257265840455752 0.26614264238748525 0.03683214206513981 0.07677815172568705
0 0.8791693734375269 0.41641484273361307 0.05245714206513981 0.07758640251009029
0 0.9166693734375269 0.4144750408510453 0.03159861049510866 0.059869009823699394
1 0.6564122258283664 0.878700254656542 0.027077710466874017 0.11232348728771595