0 0.3245967292769344 0.49866234484275496 0.04891234387822054 0.09325620382914224
0 0.11640754448624287 0.36495517563741703 0.050793178859192475 0.10729066988270625
0 0.4525147767289267 0.8875984803274463 0.04011034684397004 0.11738274084109182
0 0.07307935574121863 0.18248349364318384 0.03603034190105418 0.07542491984507475
0 0.23229784684397004 0.09248904568164706 0.03271434091247105 0.06680043218239118
0 0.14697043087353986 0.8102848947188629 0.060486513840164416 0.12205302175964587
0 0.3655692391627661 0.5783562490592103 0.03647601087441492 0.0948693642895192
0 0.6939701758934429 0.022358056185154164 0.020150673916276673 0.04471611237030833
0 0.08503811665281459 0.9775102467463288 0.024201503954332692 0.035516990803460165
1 0.6723179407593716 0.8448498778860328 0.03140650889724857 0.07776596612882701
0 0.4104573389353046 0.018793334339247795 0.016898339923887916 0.03758666867849559
0 0.0649909190105418 0.7177093301172935 0.07292284684397003 0.12043986129926906
0 0.9008117193911026 0.36146546057962925 0.040081171939110406 0.04808387356132218
0 0.3946386097327324 0.8902070576426477 0.038802514828747636 0.1283482747875275
1 0.6564037806832594 0.9020067822530147 0.02834517589344294 0.08025258957725454
0 0.2732092787060931 0.9210065209317511 0.052355678859192525 0.10743624704738138
1 0.7993897767289267 0.8552803497695708 0.0378475098858317 0.08668160812086083
1 0.5774511097327324 0.8731745293756593 0.02840884288963732 0.08303036735503232
0 0.30815728167184264 0.9428038233088986 0.040335839923887826 0.059194984672433296
0 0.20839340912471002 0.6208373204691747 0.0787271778706093 0.10157772551352512
1 0.8610621057783998 0.8133461520714551 0.031151840912470873 0.0666548550177159
0 0.3928533448668037 0.06082793105344361 0.01715300790866543 0.06812243831341783
1 0.8140597717860109 0.8121579114561529 0.02308467292769336 0.05481585808322949
0 0.3555151709505271 0.01640703502761363 0.013837006920082207 0.03281407005522726
0 0.34696511368706506 0.9280532830809095 0.03465884288963732 0.0836126760137328
0 0.9651182530029306 0.6394124388199833 0.05704317885919252 0.10787297854140673
0 0.5173412806832595 0.9149631499090999 0.036094008897248564 0.07820269762285269
1 0.20171628068325945 0.9443697371734731 0.043906508897248564 0.07893058344622798
1 0.6087647767289267 0.8730407638599347 0.021105678859192522 0.10452470375387925
1 0.5243288379467215 0.00777863510837545 0.010521005931498984 0.0155572702167509
0 0.0654312707974277 0.8735560400021994 0.06255834980971957 0.14442082114654323
0 0.5026395217488299 0.13689421780197183 0.020405341901054187 0.0739691481983236
0 0.37623884783255324 0.08742927986486987 0.01565417490485981 0.07075463892652047
0 0.664890170950527 0.0005332182535508551 0.010584672927693361 0.0010664365071017103
1 0.907902613687065 0.8757910809625435 0.04234400889724874 0.07878500628155317
1 0.9105527698088445 0.7864654605796293 0.02783583992388756 0.058030367355032315
1 0.9422484387822052 0.8029983617305713 0.03478617688202625 0.08916823156928835
1 0.8642162806832594 0.8826450193512244 0.031406508897248386 0.07776596612882701
0 0.9793412846004111 0.5211444233418904 0.041317430799177754 0.05934056183710842
1 0.4913890039543327 0.00718746771296204 0.009022172927693362 0.01437493542592408
0 0.11212058699531935 0.7244531262881514 0.05123884783255321 0.1267351143271507
0 0.47882533695813834 0.008537009398444496 0.012338173916276673 0.017074018796888992
1 0.6151686966536897 0.19600268355448314 0.01584517589344294 0.0790879722598538
0 0.5871471729276935 0.015392941355046163 0.015526840912471052 0.030785882710092326
1 0.46626166996194396 0.005574307252585176 0.009022172927693362 0.011148614505170353
1 0.21587966798477756 0.0013938353690472224 0.014571835969555113 0.002787670738094445
0 0.5697050049429159 0.009834432887252954 0.010775673916276674 0.019668865774505908
0 0.4428878369581383 0.009589490930101426 0.015399506920082118 0.01917898186020285
1 0.5101390039543328 0.006350399016080132 0.010584672927693361 0.012700798032160263
1 0.3848843359695551 0.0038401522697513748 0.01033000494291585 0.0076803045395027495
0 0.2990741699619439 0.014202707171823358 0.015335839923887828 0.028405414343646716
1 0.545949169961944 0.0019348781357073136 0.01214717292769336 0.003869756271414627