0 0.11776562034493294 0.9195921602730839 0.048043701819245575 0.16081567945383218
0 0.1735061980951919 0.9065344274200218 0.061232906533975305 0.1341446346422073
0 0.5138058664159916 0.9596407084417119 0.04658820967712849 0.0807185831165763
1 0.919837542594674 0.9746253260594965 0.02718323821317554 0.05074934788100715
1 0.27787244292790547 0.06716937833344264 0.025329639784752268 0.07367725428437838
1 0.3578510413563289 0.08322759845588466 0.014101041356328814 0.06188712821092774
1 0.37503854135632886 0.08429462196813252 0.02220463978475227 0.07348325000942423
1 0.3969135413563289 0.0856526518928116 0.019006865177646402 0.07051146795669229
1 0.4589768937136937 0.07286607072522801 0.015736315963434677 0.0647619081261826
1 0.47809076674922296 0.08791898526384183 0.017080492142117265 0.05652557693032632
1 0.42645980024766905 0.2011905771188108 0.021913541356328815 0.062372138898313126
0 0.6365924714639528 0.06447986995317036 0.01849744292790554 0.05106702351224784
0 0.3544392510334573 0.19117292323930968 0.02830909057054054 0.068315703003777