0 0.2140625 0.2777777777777778 0.0296875 0.07222222222222222
0 0.29375 0.45555555555555555 0.034375 0.08611111111111111
1 0.76875 0.9805555555555555 0.0375 0.03611111111111111
1 0.3015625 0.2611111111111111 0.0203125 0.06944444444444445
0 0.3484375 0.013888888888888888 0.0265625 0.027777777777777776
0 0.778125 0.45 0.053125 0.07777777777777778
0 0.340625 0.5527777777777778 0.0296875 0.08611111111111111
0 0.2515625 0.7888888888888889 0.0546875 0.18611111111111112
0 0.3484375 0.675 0.034375 0.1
1 0.2953125 0.38055555555555554 0.025 0.05277777777777778
0 0.7296875 0.16666666666666666 0.021875 0.058333333333333334
0 0.4265625 0.5388888888888889 0.0265625 0.06111111111111111
0 0.1296875 0.875 0.0625 0.11944444444444445
0 0.615625 0.13055555555555556 0.0140625 0.044444444444444446
0 0.6953125 0.07222222222222222 0.03125 0.04722222222222222
0 0.2390625 0.46111111111111114 0.0265625 0.075
1 0.26875 0.6083333333333333 0.0421875 0.10555555555555556
0 0.4453125 0.7194444444444444 0.0359375 0.1
0 0.3421875 0.2 0.0171875 0.07222222222222222
1 0.571875 0.09444444444444444 0.0140625 0.058333333333333334
1 0.328125 0.14166666666666666 0.0203125 0.06944444444444445
0 0.1953125 0.5972222222222222 0.04375 0.09444444444444444
1 0.2640625 0.2611111111111111 0.0203125 0.06388888888888888
1 0.425 0.08333333333333333 0.021875 0.05
1 0.6125 0.37222222222222223 0.0171875 0.075
0 0.34375 0.3388888888888889 0.028125 0.08055555555555556
0 0.5296875 0.011111111111111112 0.025 0.019444444444444445
1 0.484375 0.3 0.0171875 0.06944444444444445
0 0.340625 0.8 0.03125 0.07222222222222222
1 0.4234375 0.20555555555555555 0.015625 0.05555555555555555
1 0.6640625 0.17222222222222222 0.0203125 0.03888888888888889
1 0.91875 0.5416666666666666 0.0421875 0.08888888888888889
1 0.840625 0.3888888888888889 0.021875 0.04722222222222222
1 0.5765625 0.30277777777777776 0.0171875 0.04722222222222222
1 0.4203125 0.6388888888888888 0.0171875 0.08611111111111111
0 0.4578125 0.5027777777777778 0.021875 0.08611111111111111
1 0.59375 0.08333333333333333 0.009375 0.03333333333333333
1 0.578125 0.36666666666666664 0.0140625 0.06666666666666667
1 0.6234375 0.4361111111111111 0.015625 0.044444444444444446
0 0.771875 0.6333333333333333 0.028125 0.09166666666666666
0 0.70625 0.125 0.0203125 0.05
1 0.6265625 0.49444444444444446 0.0203125 0.06666666666666667
0 0.4625 0.6027777777777777 0.0234375 0.1
0 0.3828125 0.4722222222222222 0.01875 0.09722222222222222
0 0.39375 0.7666666666666667 0.034375 0.1361111111111111
1 0.4609375 0.019444444444444445 0.015625 0.03611111111111111
1 0.528125 0.225 0.0140625 0.058333333333333334
1 0.4546875 0.41944444444444445 0.0203125 0.06944444444444445
1 0.7453125 0.49444444444444446 0.01875 0.05277777777777778
0 0.6171875 0.10555555555555556 0.009375 0.016666666666666666
1 0.628125 0.25277777777777777 0.0140625 0.05277777777777778
1 0.6828125 0.34444444444444444 0.015625 0.03888888888888889
0 0.525 0.11666666666666667 0.0125 0.058333333333333334
0 0.2625 0.022222222222222223 0.0171875 0.044444444444444446
0 0.4140625 0.05 0.0234375 0.04722222222222222
0 0.625 0.011111111111111112 0.028125 0.019444444444444445
0 0.6203125 0.06111111111111111 0.015625 0.041666666666666664
0 0.6484375 0.09444444444444444 0.0109375 0.06666666666666667
0 0.6453125 0.027777777777777776 0.0125 0.04722222222222222
0 0.6609375 0.044444444444444446 0.0109375 0.05277777777777778
0 0.675 0.03333333333333333 0.0109375 0.05
1 0.35625 0.17777777777777778 0.0140625 0.05
1 0.371875 0.19166666666666668 0.0125 0.04722222222222222
1 0.3625 0.2222222222222222 0.01875 0.06944444444444445
1 0.3890625 0.2611111111111111 0.028125 0.058333333333333334
1 0.3875 0.175 0.0171875 0.025
1 0.2984375 0.3333333333333333 0.021875 0.044444444444444446
1 0.40625 0.2916666666666667 0.009375 0.025
1 0.4078125 0.3638888888888889 0.0234375 0.07777777777777778
1 0.41875 0.275 0.0171875 0.03611111111111111
1 0.4140625 0.30833333333333335 0.0171875 0.030555555555555555
1 0.4375 0.3194444444444444 0.0109375 0.025
1 0.453125 0.30277777777777776 0.0203125 0.06388888888888888
1 0.446875 0.3527777777777778 0.0140625 0.05
1 0.465625 0.3527777777777778 0.01875 0.05277777777777778
1 0.4859375 0.24444444444444444 0.0140625 0.027777777777777776
1 0.49375 0.23055555555555557 0.0140625 0.027777777777777776
0 0.5078125 0.2222222222222222 0.01875 0.06666666666666667
0 0.521875 0.3055555555555556 0.0125 0.05
0 0.5015625 0.3888888888888889 0.01875 0.058333333333333334
0 0.5546875 0.4 0.01875 0.06666666666666667
0 0.428125 0.4444444444444444 0.0265625 0.075
0 0.49375 0.4527777777777778 0.0203125 0.08055555555555556
0 0.5359375 0.4777777777777778 0.0203125 0.075
0 0.515625 0.5555555555555556 0.034375 0.09444444444444444
0 0.4859375 0.5555555555555556 0.025 0.08888888888888889
0 0.353125 0.9027777777777778 0.0265625 0.10555555555555556
0 0.403125 0.9638888888888889 0.0234375 0.07222222222222222
0 0.3015625 0.9138888888888889 0.034375 0.14166666666666666
0 0.18125 0.7 0.0296875 0.09722222222222222
0 0.3046875 0.7194444444444444 0.021875 0.125
1 0.234375 0.9861111111111112 0.03125 0.027777777777777776
1 0.196875 0.8777777777777778 0.0484375 0.07222222222222222
1 0.1890625 0.95 0.040625 0.07222222222222222
0 0.2375 0.3888888888888889 0.0265625 0.06388888888888888
0 0.346875 0.4444444444444444 0.0296875 0.07777777777777778
1 0.4125 0.475 0.0234375 0.07777777777777778
1 0.55625 0.5194444444444445 0.025 0.09722222222222222
0 0.9484375 0.8277777777777777 0.0609375 0.08888888888888889
0 0.8734375 0.7 0.0453125 0.125
0 0.8546875 0.55 0.065625 0.1
0 0.74375 0.3388888888888889 0.025 0.06388888888888888
0 0.68125 0.45555555555555555 0.0265625 0.06944444444444445
0 0.646875 0.3888888888888889 0.0203125 0.07777777777777778
0 0.71875 0.2972222222222222 0.0171875 0.07777777777777778
0 0.7421875 0.25833333333333336 0.025 0.08333333333333333
0 0.815625 0.3111111111111111 0.0296875 0.05
0 0.7921875 0.25833333333333336 0.0171875 0.05555555555555555
0 0.71875 0.23055555555555557 0.01875 0.05277777777777778
0 0.69375 0.175 0.0203125 0.044444444444444446
0 0.6125 0.2361111111111111 0.0171875 0.058333333333333334
0 0.6171875 0.17777777777777778 0.0171875 0.03888888888888889
0 0.5609375 0.15833333333333333 0.0203125 0.06111111111111111
0 0.696875 0.38333333333333336 0.0234375 0.07222222222222222
1 0.721875 0.6 0.025 0.1
1 0.8546875 0.45 0.015625 0.06944444444444445
1 0.9109375 0.3861111111111111 0.0203125 0.05555555555555555
1 0.875 0.4444444444444444 0.0109375 0.08055555555555556
1 0.8953125 0.44722222222222224 0.0140625 0.06111111111111111
1 0.803125 0.36944444444444446 0.0203125 0.075
1 0.828125 0.3416666666666667 0.01875 0.05555555555555555
1 0.728125 0.475 0.01875 0.08333333333333333
1 0.7140625 0.49166666666666664 0.01875 0.075
1 0.6921875 0.5222222222222223 0.021875 0.09722222222222222
1 0.6515625 0.4722222222222222 0.021875 0.08888888888888889
1 0.665625 0.3416666666666667 0.0109375 0.06944444444444445
1 0.6546875 0.30833333333333335 0.0125 0.058333333333333334
1 0.525 0.4 0.015625 0.08333333333333333
1 0.55 0.33611111111111114 0.0171875 0.058333333333333334
1 0.5328125 0.3388888888888889 0.0203125 0.04722222222222222
1 0.5390625 0.2861111111111111 0.0125 0.05277777777777778
1 0.559375 0.26944444444444443 0.009375 0.05555555555555555
1 0.5484375 0.24722222222222223 0.0109375 0.030555555555555555
1 0.553125 0.20833333333333334 0.0140625 0.04722222222222222
0 0.5921875 0.20833333333333334 0.01875 0.04722222222222222
1 0.590625 0.11666666666666667 0.0109375 0.019444444444444445
1 0.5875 0.15555555555555556 0.0125 0.04722222222222222
1 0.5828125 0.25555555555555554 0.0171875 0.06388888888888888
1 0.659375 0.11944444444444445 0.0109375 0.05555555555555555
1 0.6734375 0.13333333333333333 0.0125 0.06111111111111111
1 0.6515625 0.19444444444444445 0.0125 0.03333333333333333
1 0.6546875 0.23333333333333334 0.0125 0.06111111111111111
1 0.6765625 0.24166666666666667 0.0109375 0.06111111111111111
1 0.6953125 0.2361111111111111 0.0125 0.058333333333333334
1 0.690625 0.29444444444444445 0.0171875 0.05277777777777778
1 0.6375 0.3138888888888889 0.0140625 0.06666666666666667
1 0.759375 0.22777777777777777 0.0140625 0.04722222222222222
1 0.7734375 0.22777777777777777 0.0125 0.05555555555555555
1 0.78125 0.28888888888888886 0.0125 0.06944444444444445
0 0.765625 0.28055555555555556 0.015625 0.041666666666666664
1 0.3859375 0.2111111111111111 0.0125 0.03611111111111111
0 0.80625 0.18611111111111112 0.0203125 0.03888888888888889