1 0.25313238092303836 0.708056184799638 0.03648287427505377 0.08984928096468583
1 0.24406595685776605 0.7900358050613173 0.03840057178554286 0.09836062238628453
1 0.25012762532396093 0.8954133525286074 0.03875576929603195 0.10669395571961786
1 0.28713071785542815 0.9163191664985018 0.0459762734452168 0.09369510727205624
0 0.07303937137526871 0.4243252724662645 0.04273287427505375 0.09056131331774758
1 0.8686874485593963 0.7467883556211766 0.03828217261537965 0.09558284460850675
1 0.9223345120465695 0.8634923271071696 0.03889747925407576 0.07353863047455005
1 0.44475304109086344 0.8202065556293816 0.032150571785542856 0.09764859003322246
1 0.6606866170255912 0.8765530111808346 0.03383147095570589 0.10060437589926575
0 0.6779170481398333 0.43356993626184026 0.04957487012586874 0.10516223455969838
0 0.1677831863123343 0.3632887709938059 0.036601273445216756 0.09262705874246345
1 0.6147980510396185 0.09464374255362505 0.01967388257342364 0.06029142230425338
0 0.02623430373891078 0.3207981575160986 0.024953378424238625 0.07471433545793865
1 0.6498656709649946 0.6963534718018101 0.030114475104890737 0.08635947083384615
0 0.33262785892771407 0.43662060456913027 0.028670374275053766 0.08895924052335842
0 0.2258576406713006 0.5101922818588236 0.03612767676456467 0.08151594763135235
0 0.47078978714217123 0.325977424092529 0.023272479254075586 0.07175854959189544
1 0.9009797303029827 0.804517313055244 0.044768970955705714 0.10185043251712436
0 0.7464265593379882 0.05173527727328317 0.024242983403260608 0.05804766879127199
0 0.8372435813333123 0.3037679758828558 0.042259277594401824 0.07945020220663647
1 0.5500558477295593 0.7858797834051081 0.03132177759440165 0.07820414558877802
1 0.5980430618367879 0.7329613023583913 0.026634277594401644 0.0776701213239818
0 0.662596933613042 0.14781484132726005 0.025190176764564677 0.08026989101349422
1 0.6261680618367879 0.729757156769613 0.028433575934727708 0.08340368496780318
1 0.8226878643262989 0.6989948043148317 0.029759277594401824 0.07802613750051282
0 0.8017545219953242 0.17103901844878847 0.02580548340326061 0.05822567687953746
0 0.4304015854824973 0.3361611899429865 0.030232874275053768 0.08913724861162393
1 0.604244595030267 0.6206041346294219 0.0256637734452168 0.09138100212460532
1 0.8491552759440164 0.6569017698371644 0.031203378424238794 0.07542636781100055
0 0.5832394751048907 0.022196626914399244 0.014749584233097579 0.04439325382879849
0 0.7327033269836349 0.8348532976990247 0.031772063487172986 0.12524835972273504
1 0.6255686850629344 0.00030457125630472723 0.015838487552445456 0.0006091425126094545
1 0.483176923664287 0.8744457029326094 0.03539397095570571 0.10078238398753127
0 0.21359259378086706 0.33294852834584215 0.031440176764564676 0.08098192336655612
1 0.4197064195151022 0.8956329234403821 0.03719326929603177 0.10651594763135235
0 0.7352056394219006 0.12000401673433898 0.0261606809137497 0.06655901021287079
1 0.8334818091374956 0.5470367153439116 0.039726273445216974 0.09298307491899449
1 0.5263349278134719 0.8555725875722876 0.036719672615379825 0.09540483652024123
0 0.7901784045687477 0.23097442457651093 0.030848180913749523 0.06709303447766715
0 0.41312084233097457 0.4832757557114128 0.029996075934727705 0.08358169305606837
0 0.9820883123496305 0.6997483994914029 0.035823375300739 0.11313955171650084
0 0.2624086020792368 0.2994744917435697 0.026160680913749523 0.06655901021287083
1 0.4038912427505374 0.8192792103687282 0.034683575934727706 0.0841157173208646
1 0.6440408008391257 0.5965314798900756 0.028315176764564676 0.08062590719002508
1 0.5225713103868953 0.914617953258683 0.03349958423309758 0.05633793954308683
0 0.6793341477202705 0.09845652204585228 0.017022479254075584 0.07104651723883357
0 0.7672844336130419 0.13588829941347425 0.030966580083912554 0.06987081225544492
1 0.9359215701351576 0.6665557694270087 0.03468357593472789 0.08411571732086477
0 0.6990601875617342 0.6349236493334943 0.032150571785542856 0.09764859003322278
0 0.8116571211747761 0.8453973377301962 0.042827962657336016 0.12927219411837113
1 0.5581983892214081 0.6453888217218302 0.028433575934727708 0.08340368496780286
0 0.4985810551888033 0.09392745219638018 0.024598180913749525 0.06638100212460532
0 0.23250761452679147 0.26101197066568127 0.034328378424238616 0.07578238398753143
1 0.7669580825827123 0.6439359682047462 0.03913427759440165 0.0790941860301056
0 0.34879454274124866 0.15286090342479644 0.02736798340326043 0.05840368496780294
1 0.8845958684754838 0.6779855918953244 0.02807837842423879 0.07507035163446953
0 0.6763741684661949 0.029667898420900004 0.02279888257342346 0.05933579684180001
1 0.942433524494124 0.8193335472047865 0.039015878424238794 0.07631640825232783
0 0.8459314971002151 0.24974414148721982 0.03650618506293455 0.05391617794184008
0 0.5846369543589663 0.08691478511955765 0.015578378424238615 0.07364628692834592
0 0.36331470955705836 0.9355525560395375 0.04924298340326043 0.06089579820351945
1 0.9757877083076586 0.5336157570895326 0.03792697510489092 0.08724951127517341
0 0.4338314709557059 0.04826999794922079 0.018584979254075762 0.07122452532709905
0 0.37360621120744353 0.25610235383290103 0.022065176764564674 0.07991387483696334
0 0.5125540024987997 0.6059286037488186 0.030824870125868743 0.10302613750051282
0 0.6037262220046131 0.8662946356917246 0.039584563487172986 0.1261384001640623
1 0.5515158784242387 0.02072699568516344 0.022917281743586492 0.04145399137032688
0 0.35305691286711754 0.25286090342479645 0.025190176764564677 0.08026989101349422
1 0.2717332900419563 0.00921937007505784 0.012239890871793247 0.01843874015011568
1 0.8762379942004298 0.5924085050490097 0.03420997925407576 0.07300460620975366
1 0.4653415800839126 0.021927485779909536 0.014986382573423463 0.04385497155981907
1 0.5268710759347277 0.02336194119191055 0.016193685062934372 0.0467238823838211
0 0.487311668466195 0.05055105628152848 0.015956886722608487 0.04604651723883357
0 0.40833640871793264 0.26051950922439426 0.029522479254075584 0.07247058194495727
0 0.4158691792633643 0.6950988991755858 0.04789397095570571 0.10220644869365508
0 0.2910519751048907 0.05057984509248874 0.02736798340326043 0.0584036849678029
0 0.3225620842330975 0.023171413395676244 0.018111382573423464 0.04634282679135249
0 0.20527949585081515 0.0030303955046958424 0.029308991701630305 0.006060791009391685
1 0.5537010659859727 0.7240566399409352 0.026279080083912554 0.06933678799064845
1 0.3642759875524454 0.01100157995980395 0.01583848755244537 0.0220031599196079
0 0.4757159307132569 0.5152223291579487 0.03238737012586892 0.10320414558877834
1 0.38193708423309747 0.019005811230055333 0.014867983403260432 0.03801162246011067
1 0.39420028589277145 0.013993606144127733 0.00994368506293437 0.027987212288255466
1 0.4069370842330974 0.01818718692424337 0.01186138257342364 0.03637437384848674
1 0.41607528589277143 0.015569829326113657 0.011979781743586493 0.031139658652227314
1 0.43795028589277135 0.011163064640497773 0.022325285892771517 0.022326129280995546
0 0.47232528589277145 0.011671239292890935 0.011861382573423462 0.02334247858578187
0 0.4819370842330974 0.007015050383494254 0.012239890871793335 0.014030100766988508
0 0.5329075883822824 0.0034724765268024558 0.01643048340326043 0.0069449530536049115
0 0.5656016892121193 0.002297836044459572 0.016785680913749525 0.004595672088919144
0 0.6615061850629343 0.00025180753045254256 0.013068685062934548 0.0005036150609050851
1 0.6393943867226084 0.00015347728148823334 0.014867983403260432 0.0003069545629764667
1 0.5108908784242386 0.022079644255771788 0.013423882573423463 0.044159288511543576
1 0.49190408008391256 0.016158746318853733 0.011150987552445457 0.032317492637707466
1 0.9989851808135033 0.5434104599483159 0.002029638372993503 0.05302613750051282
1 0.985692275419563 0.5985023428735446 0.028615449160874107 0.08813955171650067
0 0.9125540024987998 0.5603585331528609 0.049456470955706065 0.1023844567819206
1 0.7869153850722233 0.6332885297239619 0.02710787427505377 0.08878123243509306
1 0.7971658008391257 0.5790866872400604 0.02279888257342364 0.0606474384807844
0 0.4513275468904336 0.1272234807103872 0.02135478174358667 0.06324720817029662
0 0.3267060551888033 0.11350834190558073 0.018584979254075585 0.07122452532709905
0 0.309541865976684 0.07917731167712423 0.020029080083912555 0.06862475563758674