0 0.215625 0.20833333333333334 0.0265625 0.06944444444444445
0 0.8265625 0.9833333333333333 0.0453125 0.03333333333333333
0 0.115625 0.8916666666666667 0.0703125 0.12222222222222222
0 0.2546875 0.125 0.01875 0.05
0 0.453125 0.12222222222222222 0.0140625 0.05
0 0.3484375 0.1 0.0140625 0.058333333333333334
0 0.2375 0.4666666666666667 0.03125 0.058333333333333334
0 0.1703125 0.275 0.025 0.058333333333333334
0 0.4171875 0.013888888888888888 0.0171875 0.027777777777777776
1 0.41875 0.16944444444444445 0.0140625 0.06388888888888888
1 0.4671875 0.5 0.0203125 0.07777777777777778
0 0.28125 0.7111111111111111 0.03125 0.10555555555555556
1 0.5375 0.6722222222222223 0.0265625 0.08611111111111111
1 0.596875 0.10277777777777777 0.015625 0.05
1 0.6015625 0.6388888888888888 0.0234375 0.07777777777777778
0 0.725 0.3055555555555556 0.01875 0.07222222222222222
0 0.33125 0.39444444444444443 0.0296875 0.04722222222222222
1 0.73125 0.2361111111111111 0.0203125 0.06388888888888888
1 0.40625 0.2222222222222222 0.0140625 0.03888888888888889
1 0.6 0.17777777777777778 0.0125 0.058333333333333334
0 0.775 0.7666666666666667 0.0625 0.09166666666666666
1 0.7796875 0.8388888888888889 0.0328125 0.075
0 0.1890625 0.3388888888888889 0.0296875 0.06111111111111111
1 0.3546875 0.43333333333333335 0.01875 0.05277777777777778
1 0.703125 0.44166666666666665 0.025 0.058333333333333334
0 0.2828125 0.13333333333333333 0.0171875 0.04722222222222222
1 0.63125 0.030555555555555555 0.0109375 0.03611111111111111
1 0.4359375 0.2388888888888889 0.0125 0.058333333333333334
1 0.2796875 0.6111111111111112 0.025 0.08055555555555556
0 0.8984375 0.7166666666666667 0.0546875 0.14444444444444443
0 0.3890625 0.34444444444444444 0.0203125 0.07222222222222222
1 0.30625 0.1361111111111111 0.015625 0.05
1 0.4359375 0.05555555555555555 0.009375 0.05555555555555555
1 0.7078125 0.5611111111111111 0.015625 0.06111111111111111
0 0.4078125 0.28055555555555556 0.0171875 0.06944444444444445
1 0.559375 0.03888888888888889 0.0125 0.03611111111111111
0 0.1421875 0.175 0.0375 0.075
1 0.8671875 0.3888888888888889 0.0171875 0.05
1 0.471875 0.07777777777777778 0.0125 0.041666666666666664
1 0.4859375 0.12222222222222222 0.0125 0.05
1 0.3203125 0.08611111111111111 0.0109375 0.05555555555555555
1 0.3046875 0.41944444444444445 0.0234375 0.058333333333333334
0 0.2609375 0.18333333333333332 0.021875 0.06944444444444445
1 0.659375 0.5666666666666667 0.0296875 0.06111111111111111
1 0.31875 0.5305555555555556 0.0171875 0.06944444444444445
1 0.284375 0.058333333333333334 0.0125 0.044444444444444446
0 0.509375 0.030555555555555555 0.0109375 0.05
1 0.2296875 0.33055555555555555 0.0359375 0.08333333333333333
1 0.2375 0.5166666666666667 0.021875 0.03333333333333333
1 0.2453125 0.5833333333333334 0.03125 0.07777777777777778
1 0.334375 0.725 0.05625 0.09166666666666666
1 0.3375 0.5666666666666667 0.01875 0.06666666666666667
1 0.296875 0.475 0.021875 0.09166666666666666
1 0.3609375 0.49166666666666664 0.0171875 0.06944444444444445
1 0.375 0.5916666666666667 0.0234375 0.08888888888888889
1 0.384375 0.4722222222222222 0.021875 0.08055555555555556
1 0.40625 0.6 0.0234375 0.08333333333333333
1 0.5 0.625 0.0171875 0.10277777777777777
0 0.6203125 0.9222222222222223 0.046875 0.14722222222222223
0 0.7296875 0.6361111111111111 0.0390625 0.1
1 0.696875 0.5027777777777778 0.0203125 0.06388888888888888
0 0.0765625 0.011111111111111112 0.0484375 0.019444444444444445
0 0.01875 0.011111111111111112 0.021875 0.019444444444444445
0 0.2203125 0.013888888888888888 0.021875 0.022222222222222223
0 0.2390625 0.008333333333333333 0.0234375 0.013888888888888888
0 0.2671875 0.016666666666666666 0.0203125 0.030555555555555555
0 0.2609375 0.05555555555555555 0.021875 0.06111111111111111
0 0.3234375 0.013888888888888888 0.0234375 0.027777777777777776
1 0.30234375 0.022222222222222223 0.0171875 0.044444444444444446
0 0.34375 0.011111111111111112 0.0296875 0.019444444444444445
1 0.3734375 0.10277777777777777 0.0171875 0.058333333333333334
1 0.3828125 0.08611111111111111 0.015625 0.058333333333333334
1 0.4 0.10555555555555556 0.0125 0.05
1 0.3734375 0.2111111111111111 0.0234375 0.08055555555555556
1 0.7328125 0.5527777777777778 0.021875 0.044444444444444446
1 0.725 0.37777777777777777 0.015625 0.07222222222222222
1 0.6484375 0.35555555555555557 0.015625 0.06944444444444445
1 0.6125 0.36944444444444446 0.0171875 0.06666666666666667
1 0.5953125 0.29444444444444445 0.0109375 0.07777777777777778
0 0.415625 0.09722222222222222 0.0140625 0.058333333333333334
1 0.4578125 0.022222222222222223 0.0140625 0.041666666666666664
0 0.4765625 0.041666666666666664 0.0125 0.016666666666666666
1 0.496875 0.06944444444444445 0.009375 0.04722222222222222
1 0.5140625 0.10555555555555556 0.0125 0.06944444444444445
1 0.4921875 0.17222222222222222 0.009375 0.06666666666666667
1 0.5328125 0.13055555555555556 0.0140625 0.06388888888888888
1 0.5296875 0.08333333333333333 0.0078125 0.016666666666666666
1 0.525 0.041666666666666664 0.0109375 0.03888888888888889
1 0.54375 0.022222222222222223 0.0046875 0.041666666666666664
1 0.540625 0.07777777777777778 0.0078125 0.030555555555555555
1 0.5609375 0.1 0.0078125 0.05277777777777778
1 0.5578125 0.06111111111111111 0.0109375 0.025
1 0.6515625 0.016666666666666666 0.0078125 0.025
1 0.6625 0.030555555555555555 0.009375 0.05
1 0.64375 0.08055555555555556 0.00625 0.05555555555555555
1 0.6296875 0.06944444444444445 0.0109375 0.03888888888888889
1 0.60625 0.09166666666666666 0.009375 0.03333333333333333
1 0.6296875 0.11388888888888889 0.0125 0.05277777777777778
1 0.6125 0.12222222222222222 0.0109375 0.05555555555555555
1 0.6703125 0.09166666666666666 0.0078125 0.05555555555555555
1 0.703125 0.06666666666666667 0.0109375 0.06388888888888888
1 0.7109375 0.14444444444444443 0.009375 0.058333333333333334
1 0.6640625 0.18888888888888888 0.0109375 0.06666666666666667
1 0.653125 0.19444444444444445 0.0109375 0.06944444444444445
1 0.6203125 0.175 0.0125 0.025
1 0.6109375 0.20555555555555555 0.009375 0.05555555555555555
1 0.63125 0.21666666666666667 0.0125 0.06944444444444445
1 0.6421875 0.19166666666666668 0.009375 0.06388888888888888
1 0.6140625 0.2916666666666667 0.0109375 0.06388888888888888
0 0.678125 0.2611111111111111 0.0171875 0.05555555555555555
0 0.6875 0.2111111111111111 0.0125 0.03888888888888889
1 0.7203125 0.19722222222222222 0.009375 0.05277777777777778
1 0.7296875 0.1527777777777778 0.0109375 0.03333333333333333
1 0.721875 0.11666666666666667 0.009375 0.030555555555555555
1 0.753125 0.19166666666666668 0.0109375 0.044444444444444446
1 0.7390625 0.18055555555555555 0.0125 0.03611111111111111
1 0.746875 0.1527777777777778 0.0109375 0.013888888888888888
0 0.690625 0.10833333333333334 0.0171875 0.058333333333333334
0 0.6859375 0.05 0.0140625 0.044444444444444446
0 0.653125 0.11666666666666667 0.0125 0.05277777777777778
0 0.6125 0.06111111111111111 0.0140625 0.03333333333333333
0 0.503125 0.13333333333333333 0.0140625 0.05277777777777778
0 0.6515625 0.05277777777777778 0.009375 0.05