0 0.1671875 0.7416666666666667 0.05 0.12777777777777777
0 0.240625 0.075 0.025 0.06111111111111111
0 0.98125 0.975 0.0375 0.05
1 0.425 0.7666666666666667 0.0265625 0.075
1 0.246875 0.3333333333333333 0.0265625 0.06944444444444445
0 0.1265625 0.6138888888888889 0.0453125 0.09166666666666666
1 0.5640625 0.6388888888888888 0.03125 0.10555555555555556
1 0.584375 0.4666666666666667 0.0234375 0.08611111111111111
1 0.353125 0.15833333333333333 0.015625 0.06388888888888888
1 0.2609375 0.7305555555555555 0.0546875 0.12777777777777777
0 0.3390625 0.2972222222222222 0.0265625 0.07777777777777778
0 0.30625 0.05 0.0203125 0.05
0 0.3203125 0.9722222222222222 0.0375 0.05277777777777778
1 0.1875 0.9388888888888889 0.0375 0.06666666666666667
0 0.2078125 0.4638888888888889 0.0390625 0.1
0 0.3515625 0.7194444444444444 0.0390625 0.10277777777777777
0 0.3859375 0.5222222222222223 0.034375 0.12222222222222222
1 0.6265625 0.32222222222222224 0.0171875 0.06944444444444445
1 0.890625 0.4638888888888889 0.0296875 0.075
0 0.840625 0.7583333333333333 0.0328125 0.12222222222222222
1 0.9828125 0.46111111111111114 0.0234375 0.058333333333333334
1 0.58046875 0.016666666666666666 0.0140625 0.03333333333333333
0 0.4640625 0.041666666666666664 0.015625 0.05
1 0.6171875 0.4666666666666667 0.0234375 0.08611111111111111
0 0.3203125 0.6138888888888889 0.025 0.13055555555555556
1 0.609375 0.14166666666666666 0.0125 0.03333333333333333
1 0.571875 0.2777777777777778 0.021875 0.05
1 0.7328125 0.5944444444444444 0.0296875 0.07222222222222222
0 0.44375 0.7055555555555556 0.0265625 0.10555555555555556
0 0.221875 0.6361111111111111 0.0296875 0.06388888888888888
0 0.3546875 0.9611111111111111 0.0328125 0.075
1 0.5640625 0.41944444444444445 0.0234375 0.05277777777777778
0 0.3484375 0.48333333333333334 0.021875 0.05
1 0.4421875 0.4361111111111111 0.0203125 0.058333333333333334
1 0.7 0.30277777777777776 0.01875 0.058333333333333334
0 0.19375 0.5805555555555556 0.03125 0.10833333333333334
1 0.465625 0.375 0.021875 0.041666666666666664
1 0.6671875 0.5694444444444444 0.025 0.075
0 0.3953125 0.31666666666666665 0.0296875 0.09166666666666666
1 0.803125 0.3416666666666667 0.01875 0.075
0 0.6140625 0.21388888888888888 0.01875 0.05277777777777778
0 0.6640625 0.48333333333333334 0.025 0.06666666666666667
0 0.6984375 0.18611111111111112 0.0203125 0.075
0 0.4796875 0.7138888888888889 0.0328125 0.10833333333333334
0 0.48125 0.1 0.015625 0.05555555555555555
1 0.540625 0.28888888888888886 0.01875 0.05
0 0.35625 0.6111111111111112 0.03125 0.09722222222222222
0 0.2375 0.5472222222222223 0.0296875 0.08611111111111111
0 0.45625 0.48055555555555557 0.0203125 0.06666666666666667
1 0.721875 0.35 0.01875 0.04722222222222222
1 0.546875 0.35555555555555557 0.0171875 0.04722222222222222
1 0.64375 0.5833333333333334 0.01875 0.07222222222222222
0 0.4359375 0.8944444444444445 0.03125 0.11666666666666667
1 0.396875 0.21388888888888888 0.034375 0.06388888888888888
0 0.3328125 0.019444444444444445 0.0171875 0.03888888888888889
1 0.8390625 0.45555555555555555 0.0234375 0.10277777777777777
1 0.41875 0.5777777777777777 0.01875 0.1
0 0.4390625 0.5888888888888889 0.021875 0.09722222222222222
1 0.6109375 0.2777777777777778 0.01875 0.044444444444444446
0 0.5578125 0.5333333333333333 0.025 0.05555555555555555
1 0.4671875 0.23333333333333334 0.015625 0.06944444444444445
1 0.4421875 0.35 0.01875 0.05277777777777778
1 0.5875 0.37777777777777777 0.0171875 0.075
1 0.5328125 0.4361111111111111 0.0203125 0.044444444444444446
1 0.66875 0.4027777777777778 0.0203125 0.058333333333333334
0 0.6765625 0.35 0.025 0.06388888888888888
0 0.5453125 0.08333333333333333 0.0140625 0.06388888888888888
0 0.7375 0.1527777777777778 0.025 0.06111111111111111
0 0.53125 0.5888888888888889 0.028125 0.09722222222222222
1 0.546875 0.2222222222222222 0.0140625 0.03888888888888889
1 0.5203125 0.32222222222222224 0.0140625 0.030555555555555555
0 0.6703125 0.14722222222222223 0.0140625 0.06388888888888888
1 0.6859375 0.425 0.0203125 0.08055555555555556
0 0.80625 0.5694444444444444 0.0375 0.10555555555555556
0 0.521875 0.3888888888888889 0.0234375 0.05277777777777778
0 0.465625 0.5305555555555556 0.021875 0.03333333333333333
1 0.625 0.55 0.028125 0.08611111111111111
1 0.4171875 0.05555555555555555 0.0109375 0.05
0 0.7 0.5666666666666667 0.0296875 0.075
1 0.528125 0.49166666666666664 0.01875 0.06388888888888888
1 0.41875 0.1638888888888889 0.0125 0.06388888888888888
1 0.5671875 0.33611111111111114 0.01875 0.05
0 0.30625 0.7777777777777778 0.034375 0.14166666666666666
0 0.4921875 0.31666666666666665 0.021875 0.08055555555555556
0 0.7296875 0.2222222222222222 0.0171875 0.075
1 0.403125 0.3861111111111111 0.021875 0.04722222222222222
0 0.4953125 0.6055555555555555 0.025 0.1
0 0.7625 0.21944444444444444 0.0234375 0.06666666666666667
0 0.7203125 0.2833333333333333 0.015625 0.07222222222222222
1 0.6796875 0.25 0.01875 0.06944444444444445
0 0.78125 0.7277777777777777 0.0359375 0.1
1 0.31875 0.13333333333333333 0.025 0.07222222222222222
0 0.6453125 0.06111111111111111 0.0140625 0.05555555555555555
1 0.7796875 0.5583333333333333 0.03125 0.09166666666666666
0 0.59375 0.19166666666666668 0.009375 0.06944444444444445
0 0.9890625 0.7138888888888889 0.0203125 0.07777777777777778
0 0.284375 0.5888888888888889 0.0265625 0.1
1 0.3015625 0.3277777777777778 0.0140625 0.08055555555555556
0 0.6546875 0.027777777777777776 0.0125 0.04722222222222222
0 0.3328125 0.8361111111111111 0.0375 0.10833333333333334
0 0.6796875 0.041666666666666664 0.01875 0.044444444444444446
1 0.5890625 0.058333333333333334 0.0125 0.03333333333333333
1 0.28125 0.40555555555555556 0.0203125 0.03888888888888889
0 0.4640625 0.5888888888888889 0.0203125 0.05277777777777778
0 0.6953125 0.1111111111111111 0.0171875 0.058333333333333334
1 0.428125 0.39166666666666666 0.01875 0.03611111111111111
1 0.478125 0.4444444444444444 0.021875 0.058333333333333334
0 0.6203125 0.08611111111111111 0.0140625 0.05277777777777778
1 0.5015625 0.21388888888888888 0.015625 0.07222222222222222
1 0.3890625 0.1638888888888889 0.0125 0.03333333333333333
1 0.6515625 0.08333333333333333 0.0109375 0.05555555555555555
1 0.60625 0.325 0.015625 0.03888888888888889
1 0.646875 0.20277777777777778 0.0140625 0.04722222222222222
1 0.4625 0.4083333333333333 0.01875 0.027777777777777776
1 0.64375 0.38333333333333336 0.0171875 0.07777777777777778
1 0.7515625 0.5222222222222223 0.028125 0.03888888888888889
1 0.4109375 0.45 0.01875 0.07777777777777778
0 0.8265625 0.36666666666666664 0.03125 0.06944444444444445
1 0.5734375 0.06666666666666667 0.0109375 0.06111111111111111
1 0.796875 0.29444444444444445 0.0140625 0.06944444444444445
1 0.375 0.18611111111111112 0.0125 0.07222222222222222
1 0.390625 0.14166666666666666 0.0125 0.022222222222222223
0 0.5203125 0.011111111111111112 0.025 0.022222222222222223
1 0.6796875 0.18333333333333332 0.0125 0.058333333333333334
0 0.715625 0.23055555555555557 0.0109375 0.05
1 0.7796875 0.28888888888888886 0.015625 0.04722222222222222
0 0.775 0.35 0.025 0.07777777777777778
1 0.5828125 0.21944444444444444 0.0140625 0.06666666666666667
1 0.90625 0.55 0.0375 0.09444444444444444
1 0.9703125 0.65 0.03125 0.06111111111111111
1 0.971875 0.5111111111111111 0.021875 0.03888888888888889
0 0.7296875 0.6777777777777778 0.0296875 0.09444444444444444
0 0.746875 0.4722222222222222 0.040625 0.07777777777777778
0 0.709375 0.48055555555555557 0.0328125 0.06666666666666667
1 0.659375 0.36944444444444446 0.0109375 0.06111111111111111
0 0.3921875 0.6638888888888889 0.028125 0.11666666666666667
0 0.5 0.4527777777777778 0.01875 0.09444444444444444
1 0.4796875 0.225 0.0125 0.06666666666666667
0 0.6734375 0.016666666666666666 0.0140625 0.030555555555555555
1 0.584375 0.125 0.0140625 0.05555555555555555
1 0.584375 0.08611111111111111 0.0078125 0.022222222222222223
0 0.7171875 0.4083333333333333 0.04375 0.08611111111111111
1 0.6703125 0.08611111111111111 0.0140625 0.05
1 0.9515625 0.4666666666666667 0.021875 0.04722222222222222
0 0.7859375 0.25555555555555554 0.01875 0.025
0 0.403125 0.9222222222222223 0.0390625 0.13333333333333333
1 0.2921875 0.4527777777777778 0.025 0.07222222222222222
1 0.375 0.14166666666666666 0.0109375 0.027777777777777776
0 0.4546875 0.016666666666666666 0.01875 0.03333333333333333
1 0.646875 0.1527777777777778 0.0125 0.03333333333333333