0 0.25625 0.058333333333333334 0.015625 0.041666666666666664
0 0.55625 0.7638888888888888 0.028125 0.058333333333333334
1 0.3046875 0.1111111111111111 0.0171875 0.06111111111111111
1 0.54375 0.6777777777777778 0.021875 0.05277777777777778
1 0.5484375 0.04722222222222222 0.015625 0.044444444444444446
1 0.4078125 0.10277777777777777 0.015625 0.041666666666666664
0 0.271875 0.022222222222222223 0.01875 0.041666666666666664
1 0.565625 0.027777777777777776 0.009375 0.025
1 0.440625 0.33611111111111114 0.009375 0.022222222222222223
1 0.340625 0.14444444444444443 0.0140625 0.04722222222222222
1 0.709375 0.7138888888888889 0.034375 0.08055555555555556
1 0.3796875 0.12777777777777777 0.0125 0.030555555555555555
0 0.5515625 0.1527777777777778 0.021875 0.06111111111111111
0 0.3859375 0.05555555555555555 0.0203125 0.03888888888888889
1 0.3390625 0.13055555555555556 0.0125 0.041666666666666664
1 0.3546875 0.12222222222222222 0.009375 0.027777777777777776
1 0.3796875 0.14444444444444443 0.0140625 0.04722222222222222
1 0.4359375 0.31666666666666665 0.0125 0.03611111111111111
0 0.1578125 0.8722222222222222 0.0640625 0.10277777777777777
1 0.434375 0.3055555555555556 0.0125 0.027777777777777776
1 0.79375 0.06111111111111111 0.01875 0.03333333333333333
0 0.5515625 0.1361111111111111 0.0203125 0.030555555555555555
1 0.359375 0.1527777777777778 0.0140625 0.044444444444444446
0 0.3828125 0.022222222222222223 0.0140625 0.027777777777777776
1 0.3046875 0.09722222222222222 0.0140625 0.044444444444444446