0 0.36597361049510885 0.054567904594576125 0.02507559471009326 0.05024240957545647
1 0.4549142841302799 0.14534573615123575 0.01513915258848364 0.08068484066246566
1 0.6716467578219205 0.12921051852978352 0.014502115756780754 0.061240396218021215
1 0.8899527679217414 0.9244449822332627 0.035360647326811545 0.07811715118341706
0 0.784890210466874 0.10303079192922869 0.01900760523343692 0.055733322577556955
0 0.317824536831703 0.01616383485660018 0.03528505261671846 0.028133311821780603
0 0.26920502630835924 0.011207148930898813 0.038228042093374805 0.022414297861797626
1 0.3376820105233437 0.003878889325314953 0.026926521046687402 0.007757778650629906
1 0.6458585315700311 0.01266333151724137 0.0119385578783902 0.02532666303448274
1 0.6582675263083593 0.010503235151680152 0.007160052616718459 0.021006470303360305
1 0.6630460315700312 0.01256232752746784 0.007251057878390199 0.02512465505493568