0 0.103125 0.9166666666666666 0.0859375 0.16111111111111112
0 0.415625 0.8861111111111111 0.08125 0.08333333333333333
0 0.2625 0.55 0.0421875 0.10277777777777777
0 0.21875 0.6222222222222222 0.040625 0.1
0 0.2140625 0.5055555555555555 0.0359375 0.08888888888888889
0 0.3203125 0.5444444444444444 0.0390625 0.10833333333333334
0 0.353125 0.3416666666666667 0.028125 0.09166666666666666
0 0.303125 0.25277777777777777 0.0359375 0.08055555555555556
0 0.2109375 0.3194444444444444 0.0359375 0.08055555555555556
0 0.3046875 0.25277777777777777 0.0359375 0.08055555555555556
0 0.29375 0.18333333333333332 0.0265625 0.06944444444444445
0 0.2203125 0.14166666666666666 0.021875 0.06944444444444445
0 0.265625 0.1 0.028125 0.06944444444444445
0 0.2390625 0.06666666666666667 0.025 0.06666666666666667
0 0.2828125 0.05 0.01875 0.058333333333333334
0 0.4296875 0.03888888888888889 0.01875 0.06111111111111111
0 0.3921875 0.17777777777777778 0.0265625 0.07222222222222222
0 0.3625 0.25 0.0265625 0.08055555555555556
0 0.6328125 0.022222222222222223 0.015625 0.044444444444444446
0 0.884375 0.9055555555555556 0.071875 0.12222222222222222
0 0.94375 0.9166666666666666 0.0515625 0.13333333333333333
0 0.1078125 0.013888888888888888 0.028125 0.027777777777777776
0 0.19375 0.011111111111111112 0.028125 0.019444444444444445
0 0.2265625 0.013888888888888888 0.0296875 0.025
0 0.296875 0.019444444444444445 0.028125 0.03888888888888889
0 0.3296875 0.022222222222222223 0.0203125 0.041666666666666664
0 0.7390625 0.44166666666666665 0.03125 0.10833333333333334
0 0.6609375 0.09166666666666666 0.0125 0.05555555555555555
0 0.64375 0.06944444444444445 0.0125 0.058333333333333334
0 0.6671875 0.13333333333333333 0.0171875 0.058333333333333334
0 0.6703125 0.019444444444444445 0.0125 0.03888888888888889
0 0.653125 0.019444444444444445 0.015625 0.03611111111111111
0 0.0296875 0.14444444444444443 0.0578125 0.06666666666666667
1 0.2515625 0.016666666666666666 0.0140625 0.030555555555555555
1 0.26875 0.022222222222222223 0.0125 0.041666666666666664
1 0.3109375 0.041666666666666664 0.0140625 0.05555555555555555
1 0.30625 0.09166666666666666 0.0171875 0.05555555555555555
1 0.2515625 0.24722222222222223 0.0265625 0.08611111111111111
1 0.3140625 0.9583333333333334 0.071875 0.08333333333333333
1 0.384375 0.7972222222222223 0.0234375 0.10555555555555556
1 0.353125 0.7916666666666666 0.028125 0.1
1 0.325 0.775 0.0265625 0.10833333333333334
1 0.353125 0.6416666666666667 0.0234375 0.08611111111111111
1 0.384375 0.6277777777777778 0.021875 0.1
1 0.346875 0.575 0.0265625 0.075
1 0.296875 0.4666666666666667 0.0234375 0.08055555555555556
1 0.2765625 0.45 0.0234375 0.08888888888888889
1 0.2765625 0.4027777777777778 0.021875 0.06944444444444445
1 0.325 0.4166666666666667 0.0203125 0.07222222222222222
1 0.290625 0.37777777777777777 0.0234375 0.08611111111111111
1 0.3234375 0.35 0.0234375 0.08333333333333333
1 0.3953125 0.25833333333333336 0.0265625 0.09166666666666666
1 0.4125 0.16944444444444445 0.015625 0.06944444444444445
1 0.425 0.10833333333333334 0.015625 0.06944444444444445
1 0.4671875 0.11388888888888889 0.0171875 0.07777777777777778
1 0.4875 0.07777777777777778 0.0125 0.05277777777777778
0 0.50625 0.044444444444444446 0.015625 0.058333333333333334
1 0.5265625 0.06666666666666667 0.0125 0.06111111111111111
1 0.54375 0.05555555555555555 0.0125 0.06388888888888888
1 0.5578125 0.06388888888888888 0.0109375 0.058333333333333334
1 0.5671875 0.07222222222222222 0.0109375 0.05555555555555555
1 0.575 0.04722222222222222 0.0125 0.058333333333333334
1 0.5484375 0.025 0.009375 0.04722222222222222
1 0.5296875 0.03333333333333333 0.0109375 0.041666666666666664
1 0.496875 0.022222222222222223 0.009375 0.041666666666666664
1 0.5265625 0.011111111111111112 0.009375 0.022222222222222223
1 0.5421875 0.011111111111111112 0.00625 0.022222222222222223
1 0.6 0.06388888888888888 0.009375 0.05555555555555555
1 0.609375 0.06388888888888888 0.0078125 0.05555555555555555
1 0.61875 0.03611111111111111 0.009375 0.05
1 0.621875 0.008333333333333333 0.0078125 0.013888888888888888
1 0.625 0.06666666666666667 0.009375 0.05555555555555555
1 0.634375 0.08055555555555556 0.0109375 0.058333333333333334
1 0.6421875 0.03333333333333333 0.0109375 0.03333333333333333
1 0.653125 0.03611111111111111 0.009375 0.05277777777777778
1 0.68125 0.027777777777777776 0.0109375 0.05555555555555555
1 0.7015625 0.07777777777777778 0.0140625 0.058333333333333334
1 0.7046875 0.1 0.0109375 0.05
1 0.684375 0.09444444444444444 0.0140625 0.06388888888888888
1 0.5953125 0.11944444444444445 0.0109375 0.06111111111111111
1 0.603125 0.13333333333333333 0.0125 0.058333333333333334
1 0.615625 0.1111111111111111 0.0109375 0.03333333333333333
1 0.625 0.1388888888888889 0.0125 0.06944444444444445
1 0.6140625 0.15 0.0140625 0.06666666666666667
1 0.6359375 0.1361111111111111 0.0109375 0.07222222222222222
1 0.646875 0.1361111111111111 0.0140625 0.075
1 0.690625 0.13333333333333333 0.0171875 0.07222222222222222
1 0.6984375 0.1638888888888889 0.0203125 0.06111111111111111
1 0.7078125 0.1388888888888889 0.009375 0.06666666666666667
1 0.721875 0.1388888888888889 0.0125 0.06111111111111111
1 0.7171875 0.11666666666666667 0.0125 0.058333333333333334
1 0.7859375 0.2722222222222222 0.015625 0.06944444444444445
1 0.475 0.3111111111111111 0.0203125 0.06666666666666667
1 0.5 0.8166666666666667 0.0296875 0.08055555555555556
1 0.490625 0.6916666666666667 0.0234375 0.08055555555555556
1 0.5359375 0.48055555555555557 0.025 0.08611111111111111
1 0.6203125 0.4027777777777778 0.0171875 0.09166666666666666
1 0.6390625 0.3972222222222222 0.0171875 0.08333333333333333
1 0.6546875 0.46111111111111114 0.015625 0.08055555555555556
1 0.7015625 0.4666666666666667 0.021875 0.08888888888888889
1 0.725 0.5083333333333333 0.0234375 0.09166666666666666
1 0.6421875 0.6111111111111112 0.03125 0.08888888888888889
1 0.6859375 0.6555555555555556 0.025 0.08888888888888889
1 0.6671875 0.7666666666666667 0.040625 0.08333333333333333
1 0.703125 0.7444444444444445 0.0265625 0.08333333333333333
1 0.715625 0.7861111111111111 0.0375 0.1
1 0.6171875 0.8583333333333333 0.025 0.08333333333333333
1 0.353125 0.058333333333333334 0.0125 0.05555555555555555
1 0.3609375 0.04722222222222222 0.0109375 0.05555555555555555
1 0.3875 0.05 0.0125 0.06111111111111111
1 0.4203125 0.019444444444444445 0.0109375 0.03611111111111111