0 0.20879960537461134 0.19494703836149668 0.02883763154179624 0.07109348078155478
0 0.7943466373681654 0.9320192026079596 0.04640456314006229 0.036146395320168445
0 0.08641231100333645 0.8844885084933629 0.07431673151356136 0.12658731840869059
0 0.2505922632247668 0.10918865159123645 0.020388094710093264 0.051164025649724935
0 0.44912076848643867 0.09409160235386989 0.015700594710093264 0.050873019237293704
0 0.3451613105798134 0.07836852334261182 0.015973610495108835 0.059206352570627015
0 0.22221111603912935 0.45192234177015095 0.033161110495108836 0.0602733760828749
0 0.16130297909448693 0.2644267670149986 0.026911110495108838 0.05988536753296658
0 0.4167324736916408 0.0012058594137610667 0.01809755261671846 0.0024117188275221335
1 0.41319867903801716 0.1434478716005878 0.01615562101845249 0.0647619081261826
1 0.4508065528990672 0.4709963608943539 0.022860647326811902 0.07903880556497964
0 0.25795265301200665 0.6936507263652372 0.03470819994353027 0.10749559830509713
1 0.5154767266754126 0.6388534869301077 0.029383663111827295 0.08776014744822144
1 0.5935078053181415 0.06572296126153435 0.01726309471009326 0.05097002137477078
1 0.5806312898154747 0.6015430659602142 0.025985647326811724 0.07923280983993396
0 0.7149894212160965 0.2605465637661918 0.021116136803468067 0.07338624787194716
0 0.31832725284259744 0.3738799912993041 0.031234589448421436 0.04906526283428671
1 0.7235145527578928 0.19071411077183906 0.022405621018452494 0.06514991667609091
1 0.3989695790662521 0.1970016664781822 0.015336573663405951 0.03976190812618259
1 0.5941756632530016 0.14052895698658022 0.014411110495108837 0.05910935043314996
0 0.7498825477785698 0.7185536064780365 0.06550317363517096 0.0955467521657498
1 0.7522039109751015 0.7904848222878273 0.03526964206513998 0.07703704488701849
0 0.17795985807603443 0.3271516302541626 0.03168961575678066 0.0629541517231756
1 0.3404906791791915 0.4113138481260369 0.02047909997176518 0.05394180342750272
1 0.688655163394176 0.398015704801982 0.026911110495108838 0.05988536753296658
0 0.2784442474397512 0.11577594644998239 0.018734589448421435 0.04828924573447008
1 0.6302489421216096 0.0048808775257708804 0.012120568401734033 0.009761755051541761
1 0.428111047496221 0.21182529253278437 0.014411110495108837 0.05910935043314996
1 0.25966634243219316 0.5937477285027144 0.02763915258848364 0.08210758975518881
0 0.874958142488663 0.6608904376173474 0.059419773606936135 0.1478395192561422
0 0.3777778475526907 0.32029091221265227 0.022678636803468065 0.07348325000942424
1 0.3017907421780794 0.11709869216560402 0.01726309471009326 0.05097002137477078
1 0.4341173947665631 0.028491959199451068 0.01119510523343692 0.05613756838041802
1 0.6894294371422864 0.5171691428339952 0.017627115756780755 0.062081132485881894
0 0.39862096857114326 0.25523799767403843 0.019462631541796237 0.0705114679566923
1 0.5581009263365941 0.011302843888779588 0.013683068401734033 0.022605687777559176
0 0.13645416851467349 0.166172805489586 0.039957142065139895 0.07732805129944983
1 0.8544467633659412 0.33505270258911113 0.01882559471009344 0.05106702351224786
1 0.4693268526731883 0.04848313225970051 0.013865078925077868 0.042442683766483295
1 0.4819332684864387 0.09205455746685125 0.014138094710093262 0.05077601709981663
1 0.3174913368881727 0.06622567292831032 0.012757605233436919 0.056234570517895106
1 0.2909457054875508 0.4005290276364144 0.025348610495108836 0.059788365395489505
0 0.25493115272965794 0.16713397637466146 0.024150131541796238 0.07080247436912354
1 0.6408099266189428 0.5257317646513401 0.031689615756780753 0.06295415172317544
1 0.3013679950206768 0.5107671195102318 0.019462631541796237 0.0705114679566923
1 0.28246388950489115 0.040678944312505315 0.013956084186749606 0.04522046154426107
0 0.5083739421216096 0.012136183109599106 0.012575594710093441 0.024272366219198212
1 0.21885787386104996 0.3162962413464252 0.03866765785015547 0.08556438249530614
1 0.22057302132903606 0.5019223417701509 0.022967063140062118 0.03469136325801243
1 0.22620139504891174 0.5681039977494322 0.033798147326811724 0.07971782052731934
1 0.31062262670364743 0.7042415425799055 0.05925317363517095 0.09515874361584133
1 0.3189349266189428 0.545714204971618 0.02093412628012441 0.0678306923163916
1 0.2813131002541138 0.45656959387935536 0.024878173635170954 0.09302469659134577
1 0.3448295686840827 0.4692591729094619 0.019462631541796237 0.07051146795669215
1 0.35561587926389615 0.5683861536721682 0.026349668373499214 0.0903439209510449
1 0.3689041055157857 0.4483596964028613 0.02451415258848364 0.08191358548023465
1 0.38659286347888056 0.57477944425596 0.026167657850155557 0.0847883653954895
1 0.47952381612383393 0.5939593160073353 0.020554694681858443 0.10384480129002564
0 0.5900987531249461 0.8837123736438226 0.05169827886860805 0.15013228634653458
0 0.7088472950771465 0.5908111129093161 0.04233868942018652 0.10242505343692695
1 0.6804030476373952 0.45951482446300146 0.022405621018452494 0.06514991667609091
0 0.07619847895331261 0.008791880863925626 0.04907453683170295 0.01758376172785125
0 0.018385978953312603 0.010174161322973973 0.022512036831702942 0.020348322645947946
0 0.21985747369164077 0.006000856789035839 0.022603042093374805 0.012001713578071678
0 0.23878948421498442 0.0005819833874315344 0.02389252630835923 0.001163966774863069
0 0.26664146842996894 0.007993796414732636 0.021313557878390378 0.015987592829465273
0 0.259117394766563 0.0393561985968837 0.023877115756780753 0.062469141035790196
0 0.3229824736916408 0.004212925675550456 0.02434755261671846 0.008425851351100912
1 0.3016157079066252 0.013104021299376982 0.018643584186749607 0.026208042598753964
0 0.3433859789533126 0.0002071916972043095 0.030324536831702976 0.000414383394408619
1 0.3700703053181416 0.07959426692075637 0.019098610495108838 0.059400356845581176
1 0.3799913368881727 0.06234558742922723 0.017536110495108836 0.0593033547081041
1 0.3965418000564697 0.08072300836142383 0.014138094710093262 0.050776017099816606
1 0.3665211001129395 0.1879276002540897 0.02607665258848364 0.08201058761771172
1 0.7147024529273021 0.5072837753010286 0.023331084186749607 0.04580247436912354
1 0.7126232844126286 0.33276878598841403 0.017991136803468068 0.073192243596993
1 0.6367888265060033 0.3152996685025686 0.01790013154179615 0.07041446581921523
1 0.6003963001976441 0.3314196065534303 0.01937162628012441 0.06773369017891452
1 0.585665942262784 0.2574866300656781 0.013485647326811723 0.07845679274011733
0 0.4124398158414853 0.07141965365331973 0.015973610495108835 0.059206352570627035
1 0.4570844579066252 0.007535219446709417 0.015427578925077689 0.015070438893418834
0 0.4751974210749223 0.012081014736158174 0.013046031570031147 0.017442683766483284
1 0.49459986845820386 0.03859776472673395 0.010922089448421346 0.047804235047084684
1 0.5106043000564698 0.07364185232559721 0.014775131541796327 0.07022046154426106
1 0.48654517377634543 0.14166654891694297 0.011559126280124232 0.06724867949152914
1 0.5285352527014231 0.09747782667587228 0.01615562101845249 0.0647619081261826
1 0.5269573421498446 0.05044960872860422 0.008358531570031146 0.01715167735405204
1 0.5236349210749223 0.0144289501999915 0.012211573663405773 0.028857900399983
1 0.5430219579066252 0.004722157459874183 0.006052578925077689 0.009444314919748367
1 0.5380768526731883 0.04421503821070913 0.008813557878390199 0.031040566242940947
1 0.5576613105798135 0.06517623264572935 0.00954159997176518 0.05326278846516317
1 0.5558103842432193 0.02648134803179461 0.01175654735504672 0.02567901496233955
1 0.6614989421216096 0.0073588278388530635 0.01101309471009344 0.014717655677706127
1 0.6411108474115164 0.04059067491499982 0.00807010523343692 0.05594356410546387
1 0.6274123684582038 0.0303525830411824 0.01221157366340595 0.03956790385122843
1 0.6032468263648291 0.05402983732556078 0.010467063140062294 0.03391534615819578
1 0.6259562842714542 0.07479702748562685 0.01422909997176518 0.05355379487759438
1 0.6084957684864387 0.08419738433120803 0.012757605233436919 0.056234570517895106
1 0.6673093263648291 0.05005274968900062 0.00963260523343692 0.056040566242940945
1 0.7009408737198756 0.027649828363798108 0.013030621018452492 0.055299656727596215
1 0.7062052263930638 0.1003084718923744 0.011286110495108836 0.058915346158195804
1 0.6578741422063142 0.14766298046113116 0.01312162628012441 0.06734568162900621
1 0.6467546316829706 0.15389755097902624 0.013212631541796327 0.07012345940678395
1 0.6145791685146735 0.13649015142160043 0.01331904735504672 0.025776017099816625
1 0.6042031106362831 0.16762771980201843 0.01119510523343692 0.05613756838041802
1 0.6241515895895958 0.17747780312592754 0.014775131541796327 0.07022046154426106
1 0.6359081369446424 0.151798788163588 0.011468121018452493 0.06447090171375136
1 0.6045069475244558 0.2535448266381754 0.013030621018452492 0.06456790385122843
0 0.6695705054028462 0.2190121834460597 0.01900760523343692 0.056622579067803415
0 0.6805836001129395 0.1684301706211972 0.013774073663405773 0.039664905988705514
1 0.7138511264212987 0.15250423684528971 0.01110409997176518 0.05335979060264025
1 0.7246822106080483 0.1074777795759828 0.012029563140062116 0.03401234829567288
1 0.7180527790097824 0.07185167915225708 0.010376057878390377 0.031137568380418024
1 0.7468456369446425 0.14491163640271557 0.012393584186749606 0.04512345940678399
1 0.7331471579913298 0.1346735445288981 0.013683068401734033 0.03688712821092774
1 0.7418697106080483 0.10641075606373494 0.01139252630835923 0.014567903851228437
0 0.6870757947947979 0.06545838856846528 0.019098610495108838 0.059400356845581176
0 0.6842994052899067 0.015037396744216126 0.015518584186749607 0.030074793488432252
0 0.6493027790097823 0.07611977320124846 0.01422909997176518 0.0535537948775944
0 0.6104978842432193 0.023086273220096917 0.015154563140062294 0.03420635257062703
0 0.4987567474397512 0.10209864506571455 0.01579159997176518 0.05365079701507148
0 0.6498334000282349 0.018809446431133945 0.01101309471009344 0.03761889286226789