1 0.5114494963168291 0.7927517472129915 0.04038433540139543 0.15669395571961786
1 0.40640281930985206 0.03740724656084471 0.014794473516896467 0.05975739803945702
1 0.3351398245056322 0.00010365275419308922 0.015482888367602499 0.00020730550838617845
0 0.46029264381548424 0.05079941600426352 0.019700494804219915 0.06584697785980895
0 0.5117237398605414 0.20119273700012075 0.024387994804219916 0.06638100212460532
0 0.6712080005042032 0.18581368977482163 0.018465776735204997 0.07400230310487682
0 0.5697004948042199 0.013720461310035237 0.03332595222957302 0.027440922620070474
0 0.3056815534704102 0.11026689149747616 0.02293475544788164 0.06898077181411766
0 0.22085880321830867 0.0006624621303469253 0.02587408514929388 0.0013249242606938505
0 0.12242130321830866 0.007792111865796892 0.030780106436617327 0.015584223731593783
0 0.18394720919006388 0.8858670093925591 0.06225933540139543 0.15918606895533444
0 0.13147777305203429 0.9085859510602514 0.06872785668871888 0.16545365686395175
1 0.1990930638619704 0.005852675304539986 0.01849862772394082 0.011705350609079972