0 0.12038372056669464 0.8989496796853915 0.047754231513561375 0.12675226191433225
0 0.18077518899666356 0.8759733148761433 0.05712923151356133 0.12772298470549842
0 0.4610101786144941 0.5765982510374019 0.047663226251889415 0.12397448413655418
1 0.6281206258566014 0.7962070746986843 0.06639781570031093 0.1729763648092482
1 0.8015735364081799 0.730864693708023 0.04739021046687384 0.11564115080322115
0 0.6636816103539346 0.25459520110429706 0.03756018415851479 0.10078153912316562
1 0.4441279735504665 0.20486139021076286 0.022587631541796327 0.07154767715863829
1 0.5259100526167184 0.0002671162273618065 0.01579159997176518 0.000534232454723613
1 0.4439011894201865 0.05437602881517967 0.020752115756780754 0.06305255669344388
1 0.4276391525884836 0.03677519801284642 0.019553636803468066 0.07355039602569284
1 0.3941742052052021 0.06788655036806708 0.025712631541796326 0.07187125142236042
1 0.37220819994353027 0.06737379243634421 0.016883663111827298 0.0875671952978607
1 0.35327618942018657 0.06375968246312144 0.013212631541796239 0.07057695436747191
1 0.30576415258848366 0.049168851974508945 0.01937162628012441 0.06844632511713838