1 0.221875 0.7333333333333333 0.0328125 0.08611111111111111
1 0.209375 0.8138888888888889 0.034375 0.09444444444444444
1 0.2109375 0.9194444444444444 0.034375 0.10277777777777777
1 0.246875 0.9444444444444444 0.0421875 0.08888888888888889
0 0.0546875 0.4305555555555556 0.0390625 0.08611111111111111
1 0.8328125 0.8416666666666667 0.034375 0.09166666666666666
1 0.88125 0.9638888888888889 0.0359375 0.06944444444444445
1 0.4078125 0.8666666666666667 0.028125 0.09444444444444444
1 0.6203125 0.9472222222222222 0.0296875 0.09722222222222222
0 0.65625 0.5083333333333333 0.0453125 0.1
0 0.1515625 0.38055555555555554 0.0328125 0.08888888888888889
1 0.6078125 0.1638888888888889 0.0171875 0.058333333333333334
0 0.0125 0.32222222222222224 0.021875 0.07222222222222222
1 0.6171875 0.7666666666666667 0.0265625 0.08333333333333333
0 0.3125 0.4722222222222222 0.025 0.08611111111111111
0 0.203125 0.5333333333333333 0.0328125 0.07777777777777778
0 0.4546875 0.37777777777777777 0.0203125 0.06944444444444445
1 0.8625 0.9027777777777778 0.040625 0.09722222222222222
0 0.740625 0.1361111111111111 0.021875 0.05555555555555555
0 0.8203125 0.3972222222222222 0.0390625 0.075
1 0.5140625 0.8444444444444444 0.028125 0.075
1 0.5640625 0.7972222222222223 0.0234375 0.075
0 0.653125 0.2222222222222222 0.021875 0.07777777777777778
1 0.5921875 0.7972222222222223 0.025 0.08055555555555556
1 0.7890625 0.7888888888888889 0.0265625 0.075
0 0.790625 0.2611111111111111 0.0234375 0.05555555555555555
0 0.4140625 0.38333333333333336 0.0265625 0.08611111111111111
1 0.575 0.6861111111111111 0.021875 0.08888888888888889
1 0.8171875 0.75 0.028125 0.07222222222222222
1 0.9859375 0.9388888888888889 0.0265625 0.09722222222222222
0 0.5796875 0.08333333333333333 0.0125 0.05277777777777778
0 0.69375 0.9138888888888889 0.0265625 0.12222222222222222
1 0.6234375 0.05 0.0140625 0.041666666666666664
1 0.44375 0.925 0.03125 0.09722222222222222
0 0.1984375 0.35555555555555557 0.028125 0.07777777777777778
1 0.3796875 0.9388888888888889 0.0328125 0.10277777777777777
0 0.7265625 0.20277777777777778 0.0234375 0.06388888888888888
1 0.80625 0.6388888888888888 0.0359375 0.08888888888888889
1 0.4875 0.9111111111111111 0.0328125 0.09166666666666666
0 0.7765625 0.3194444444444444 0.028125 0.06388888888888888
0 0.390625 0.5277777777777778 0.0265625 0.08055555555555556
0 0.953125 0.8083333333333333 0.0421875 0.10833333333333334
0 0.2484375 0.3277777777777778 0.0234375 0.06388888888888888
1 0.3671875 0.8611111111111112 0.03125 0.08055555555555556
1 0.615625 0.6666666666666666 0.025 0.07777777777777778
1 0.48125 0.9694444444444444 0.03125 0.05277777777777778
0 0.671875 0.175 0.0140625 0.06944444444444445
0 0.7578125 0.2222222222222222 0.028125 0.06666666666666667
1 0.903125 0.7694444444444445 0.03125 0.08055555555555556
0 0.66875 0.7111111111111111 0.028125 0.09444444444444444
0 0.771875 0.9333333333333333 0.0375 0.125
1 0.528125 0.7055555555555556 0.025 0.08055555555555556
0 0.4921875 0.15 0.021875 0.06388888888888888
0 0.2203125 0.2861111111111111 0.03125 0.07222222222222222
1 0.7359375 0.7277777777777777 0.0359375 0.075
0 0.340625 0.19166666666666668 0.025 0.05555555555555555
1 0.8515625 0.775 0.025 0.07222222222222222
0 0.671875 0.10555555555555556 0.0203125 0.058333333333333334
1 0.903125 0.9222222222222223 0.0359375 0.07222222222222222
0 0.83125 0.34444444444444444 0.034375 0.05
0 0.578125 0.1527777777777778 0.0125 0.07222222222222222
0 0.321875 0.9722222222222222 0.046875 0.05555555555555555
1 0.9484375 0.6416666666666667 0.034375 0.08333333333333333
0 0.4296875 0.09722222222222222 0.015625 0.06944444444444445
0 0.3609375 0.2972222222222222 0.01875 0.07777777777777778
0 0.484375 0.6611111111111111 0.0265625 0.1
0 0.5640625 0.9305555555555556 0.034375 0.12222222222222222
1 0.5484375 0.07222222222222222 0.0203125 0.06111111111111111
0 0.340625 0.2916666666666667 0.021875 0.07777777777777778
1 0.2703125 0.03333333333333333 0.0109375 0.030555555555555555
1 0.846875 0.6888888888888889 0.03125 0.06944444444444445
1 0.4625 0.06666666666666667 0.0125 0.058333333333333334
1 0.5234375 0.08055555555555556 0.0140625 0.05
0 0.4828125 0.10555555555555556 0.0140625 0.044444444444444446
0 0.6734375 0.030555555555555555 0.015625 0.05555555555555555
0 0.3953125 0.3055555555555556 0.0265625 0.06944444444444445
0 0.384375 0.7388888888888889 0.04375 0.09722222222222222
0 0.2875 0.08333333333333333 0.025 0.05555555555555555
0 0.3203125 0.05277777777777778 0.015625 0.058333333333333334
0 0.2046875 0.013888888888888888 0.028125 0.027777777777777776
1 0.5953125 0.025 0.0109375 0.05
1 0.5203125 0.7833333333333333 0.0234375 0.06666666666666667
1 0.3625 0.041666666666666664 0.0140625 0.041666666666666664
0 0.4515625 0.5666666666666667 0.028125 0.1
1 0.3796875 0.05277777777777778 0.0125 0.05555555555555555
1 0.3921875 0.04722222222222222 0.0078125 0.05
1 0.4046875 0.05277777777777778 0.009375 0.058333333333333334
1 0.4140625 0.04722222222222222 0.009375 0.06111111111111111
1 0.4359375 0.04722222222222222 0.0203125 0.04722222222222222
0 0.4703125 0.04722222222222222 0.009375 0.058333333333333334
0 0.4796875 0.05277777777777778 0.0109375 0.030555555555555555
0 0.53125 0.03888888888888889 0.0140625 0.05555555555555555
0 0.5640625 0.03611111111111111 0.0140625 0.06388888888888888
0 0.659375 0.05 0.0109375 0.05
0 0.6609375 0.013888888888888888 0.0140625 0.022222222222222223
1 0.6375 0.044444444444444446 0.0125 0.05555555555555555
1 0.578125 0.022222222222222223 0.0125 0.041666666666666664
1 0.5078125 0.07222222222222222 0.0109375 0.058333333333333334
1 0.4890625 0.06666666666666667 0.009375 0.041666666666666664
0 0.61875 0.011111111111111112 0.01875 0.019444444444444445
0 0.6890625 0.016666666666666666 0.01875 0.030555555555555555
1 0.984375 0.6555555555555556 0.0265625 0.05
1 0.9640625 0.7083333333333334 0.0421875 0.08333333333333333
0 0.884375 0.6611111111111111 0.0453125 0.09722222222222222
1 0.75625 0.7194444444444444 0.0234375 0.08611111111111111
1 0.76875 0.6666666666666666 0.0203125 0.058333333333333334
0 0.44375 0.17777777777777778 0.01875 0.06111111111111111
0 0.3203125 0.15 0.015625 0.06944444444444445
0 0.3046875 0.11388888888888889 0.0171875 0.06666666666666667