0 0.10884597127872638 0.9385587223247611 0.08032930913596861 0.12288255535047768
0 0.17488705110690989 0.9141329906074408 0.07185506784239584 0.16598768112874798
0 0.22317855042954132 0.12232136266765205 0.042426517412854546 0.06573932140601306
0 0.06323698439616776 0.03212032353061839 0.032642081637205764 0.05078238398753141
0 0.03651071008590827 0.02353863047455002 0.032314533016686776 0.03967127287642031
0 0.18338571008590826 0.040271390771503233 0.027545145861556986 0.03635947083384616
0 0.446042840343633 0.12833207484516834 0.017344630257724702 0.06011341421598794
0 0.7714810108541339 0.6028225813871492 0.042665534825709096 0.1266724244288587
1 0.4837287053362099 0.6143355295024836 0.030165534825709096 0.12524835972273504
1 0.2973663229307785 0.05048820343710402 0.015045145861557075 0.03493540612772246
1 0.30822193577564877 0.04895648227718446 0.016361984396167806 0.026780080882654603
1 0.39029080732694627 0.08599068064476616 0.015536468792335612 0.05160207279438913