0 0.1521509059717552 0.8755382822689795 0.07511996832111634 0.13023258619416792
0 0.16945910224924346 0.5973341366802012 0.05404264381548422 0.10847403660227255
1 0.4978254948042199 0.017369627119477166 0.01770095222957302 0.03473925423895433
0 0.2937378364098016 0.6445606169066064 0.03623243094224948 0.051138400164062306
1 0.5836208831718224 0.03395899925351442 0.01770095222957302 0.054557858660432376
1 0.3246164958126261 0.5517555500758774 0.03165419158591121 0.053382153677043694
1 0.3109917663436449 0.1654664308765008 0.020935212873234653 0.057691652614741115
1 0.5980432881351716 0.40062566592018106 0.0242787341605581 0.06360322434682754
0 0.865263639123907 0.33111938584963313 0.02984031930985225 0.08635947083384615
0 0.29800970919006387 0.8728724189491806 0.05037134059717552 0.09422913153685247
1 0.3180715648703766 0.5050673521184514 0.027294473516896466 0.06118146274558064
0 0.20728080238512944 0.9404083446454198 0.05160605866619035 0.08607380629178465
1 0.41520937278026226 0.18149567482875825 0.019372712873234832 0.057513644526475595
1 0.2422196230323638 0.3323441524465762 0.01893567029858776 0.04640253341536449
1 0.7250756816985542 0.35825122490463557 0.026278276735205174 0.07489234354620417
1 0.25631424606472764 0.6906774857799096 0.030310212873234745 0.05875970114433389
1 0.420825224273201 0.4040739132275114 0.028747712873234833 0.058581693056068376
0 0.2875856614196368 0.927074261433082 0.04437271287323465 0.0603617739387229
1 0.24944153319149293 0.6356559544891505 0.03198197351689647 0.061715487010377185
0 0.27761081981405517 0.31436107752758174 0.04346577673520517 0.07685043251712421
0 0.3581838405971755 0.04848105285262951 0.019481973516896466 0.0602914223042534
1 0.3693612772394082 0.29274748920880855 0.020170388367602498 0.03824720817029667
1 0.6359810586661903 0.016526217702307743 0.019044930942249395 0.033052435404615485
0 0.5848441656070108 0.30447149222755165 0.02380884059717552 0.0912029940363398
1 0.9402522034900807 0.601598832008527 0.04448197351689629 0.06313955171650068
1 0.6700603997675689 0.35614817466059334 0.0139203883676025 0.03753517581723492
1 0.43936813861970414 0.11735842621713431 0.013811127723940686 0.03475739803945699
1 0.7418704257464694 0.027091293449814095 0.018280106436617417 0.02973586674869784
1 0.5433565160915433 0.01331061690660638 0.0139203883676025 0.02662123381321276
1 0.9968417850330784 0.3770998094581801 0.006316429933843182 0.02920184248390143
1 0.7600084205506893 0.08920010145604838 0.018280106436617417 0.02973586674869786
1 0.32475933540139545 0.11646412777162397 0.017482430942249483 0.049002303104876827
1 0.7414005321830868 0.05504707931585734 0.017263909654926125 0.04344674754932127
1 0.6114945108957632 0.06426619508633494 0.008686585149293791 0.023112262663549526
0 0.3449518670802791 0.00581962848939671 0.015592149011264312 0.01163925697879342
0 0.6739616599070276 0.09621276853287089 0.016247712873234656 0.057157628349944686
0 0.3019545279957129 0.6938485845535445 0.03209123416055819 0.06449326478815497
0 0.5836422985267318 0.2739159366719961 0.020170388367602498 0.03824720817029667
1 0.36726318169855415 0.3990150771174259 0.02849634059717552 0.09173701830113619
1 0.3844506816985541 0.39705698814650586 0.02860560124083724 0.09451479607891397
1 0.3708909262506725 0.3316363780976974 0.02460651609154336 0.07193655768016087
1 0.39421916560701076 0.32618847899593767 0.026606058666190258 0.0832256768795375
0 0.4291404688253194 0.3361611899429865 0.03296531930985207 0.08671548701037703
1 0.41725247402109955 0.2733403495836904 0.021153734160558102 0.06324720817029666
0 0.367394585653497 0.24274748920880854 0.03230975544788164 0.07004882034371036
0 0.33537976114786483 0.22686320652967326 0.03140281930985207 0.0865374789221116
0 0.39431771857321785 0.20898778806447468 0.02827781930985207 0.08618146274558072
0 0.4581616972858944 0.19613390089003527 0.027840776735205 0.07507035163446961
0 0.46066398441265977 0.14004432106968331 0.0195912341605581 0.06306920008203115
0 0.4603690534704102 0.09264409075919566 0.019154191585911206 0.05195808897092004
0 0.4957709579295561 0.19463948454944202 0.02202781930985207 0.08546943039251881
0 0.5131005695619535 0.15639227637914538 0.02170003737886681 0.07713609705918556
0 0.3888546863901311 0.07009889917558579 0.02863845222957302 0.0558039152782906
0 0.3772944735168965 0.023483992051186557 0.0164662341605581 0.046967984102373114
0 0.4309329257464694 0.06251490301464059 0.02326253737886681 0.07731410514745099
0 0.7158756443196873 0.28396325725769744 0.026606058666190435 0.0832256768795375
0 0.6509062081816577 0.30810626363151344 0.035653276735205 0.07596039207579687
0 0.7060964527337761 0.23485329769902477 0.03488845222957302 0.0565159476313525
1 0.390165814114072 0.10343223250891913 0.01991901609154336 0.07140253341536448
1 0.4048838779760423 0.11849682638119664 0.02326253737886681 0.07731410514745099
1 0.3535398992633659 0.12992664884951238 0.03452781930985207 0.08689349509864254
1 0.29790190445914594 0.07209003496164912 0.01791947351689647 0.06011341421598794
1 0.30273151609154336 0.035266891497476166 0.022606973516896466 0.060647438480784306
0 0.2863416915859112 0.0231351730773957 0.017810212873234654 0.0462703461547914
0 0.2762782767352051 0.041070806775766765 0.019372712873234655 0.057513644526475616
0 0.2572004948042199 0.03487357050161895 0.01802873416055819 0.06289119199376571
0 0.2574518670802791 0.01384864487100555 0.025404191585911208 0.0276972897420111
1 0.48210194183801286 0.12644109672285578 0.016684755447881727 0.06826873946105584
1 0.48536905347041015 0.0897959613469483 0.016903276735204996 0.07382429501661135
1 0.5154171863901311 0.05568024402608354 0.0195912341605581 0.06306920008203118
1 0.5174931386197041 0.10845802180386131 0.016029191585911207 0.05160207279438913
1 0.530430181194351 0.11814506820884875 0.016903276735205176 0.07382429501661139
1 0.5407121173323807 0.10023234492432387 0.01388753737886681 0.07624605661785822
1 0.550666271539425 0.07398628830646566 0.013559755447881728 0.06791272328452488
1 0.5680722928267485 0.07758375489110114 0.011997255447881727 0.06773471519625941
1 0.533402361884499 0.03409970252245358 0.013450494804219915 0.0651349455067471
0 0.5797746173323807 0.09578214271768735 0.01770095222957302 0.05455785866043238
1 0.5899908514929388 0.15600321338747117 0.01890281930985207 0.08511341421598793
1 0.6068505695619536 0.1457117910832178 0.015012994804219915 0.06531295359501257
1 0.6162584205506894 0.10557684557647068 0.017810212873234654 0.05733563643821016
1 0.6226505321830867 0.06857569402403227 0.009451409654926125 0.04255670710799397
1 0.6346806386197041 0.09510741518395184 0.013231973516896289 0.059579389951191546
1 0.623568175998571 0.17170948797834096 0.01857503737886681 0.0767800808826546
1 0.6143024366422327 0.1755553142857115 0.020170388367602498 0.03824720817029663
1 0.6145973675844821 0.2229555445961992 0.01679401609154336 0.07104651723883361
0 0.6421325056999831 0.12495093838644554 0.0164662341605581 0.06271318390550024
1 0.6437714153549092 0.1666176050531122 0.016936127723940864 0.0351134142159879
1 0.6440663462971588 0.2140178353635999 0.013996798022528623 0.079023834395636
1 0.6613631069408205 0.21483752417045762 0.01388753737886681 0.07624605661785822
1 0.6701918037225119 0.19988058675197595 0.012543558666190436 0.08162360408514834
1 0.6850519792168797 0.17865606142487692 0.012871340597175518 0.08995693741848167
1 0.6991144792168796 0.17705398863048777 0.014215319309851893 0.08457938995119155
0 0.6571783514929388 0.14834886559205643 0.016356973516896467 0.05993540612772246
0 0.7071783514929388 0.1426526067675617 0.02046531930985207 0.08529142230425338
1 0.7280043037225118 0.19329428748615396 0.015668558666190435 0.08197962026167921
1 0.7493765591703934 0.2578248570936351 0.0272616225281606 0.09989234354620417
1 0.696109447537996 0.3001662512940373 0.01701253737886681 0.07660207279438917
1 0.7617780062041863 0.3736014833189745 0.032276904459146036 0.10875970114433389
0 0.800873357192922 0.33008438413518365 0.042995883171822416 0.10445020220663648
1 0.7376635269873066 0.11964800055780805 0.017231058666190437 0.08215762834994472
1 0.7585223302056153 0.13122278429924597 0.015264367080279052 0.032157628349944685
1 0.7585987398605413 0.17306745905417809 0.018465776735204997 0.07400230310487682
1 0.7728797611478648 0.17702094181534453 0.013996798022528623 0.079023834395636
1 0.7854126121366005 0.1365299801320665 0.014466691585911207 0.05142406470612365
1 0.7958802185732179 0.1632397093802515 0.01770095222957302 0.05455785866043238
1 0.7902529314464527 0.21968530537713435 0.02170003737886681 0.07713609705918556
0 0.7121829257464694 0.030473447126857827 0.021044473516896468 0.06046943039251885
1 0.7024472928267486 0.06227505930027161 0.016684755447881727 0.0682687394610558
1 0.6905592980225286 0.016099849891307243 0.016575494804219916 0.032199699782614485
1 0.673590319309852 0.021290063065500305 0.018356516091543363 0.04258012613100061
1 0.6702239267548756 0.5598159928796984 0.04488616510280767 0.11296154362823532
1 0.5969935124083726 0.8527617629793666 0.049901447033792935 0.12182890122636504
0 0.7728240388914761 0.7741355075837709 0.06124313861970414 0.17289694975595782
1 0.47438726684784804 0.40913274933759686 0.03507412252816078 0.10078238398753143
1 0.45660990496334897 0.31629037768754154 0.031512079953513704 0.08931525669988936
0 0.25298216041123067 0.4064541120052489 0.042995883171822416 0.10445020220663648
0 0.20609645273377603 0.2918158859439719 0.05502598960843983 0.13347403660227256
1 0.2733267834435945 0.7640754129855204 0.05382412252816078 0.10291848104671683
1 0.525949766847848 0.40325848242483664 0.02915190445914586 0.10840368496780287
1 0.5284741972858944 0.18812353691808956 0.03296531930985207 0.08671548701037703
1 0.4509176438154842 0.05186746453385628 0.014685212873234831 0.05697962026167923
1 0.38336878293939136 0.48925767907796885 0.06265281930985207 0.09009764068742072