0 0.1734375 0.4666666666666667 0.0359375 0.09166666666666666
1 0.484375 0.04722222222222222 0.01875 0.058333333333333334
1 0.3015625 0.49166666666666664 0.025 0.05555555555555555
0 0.3546875 0.2 0.015625 0.03611111111111111
0 0.1171875 0.8861111111111111 0.0671875 0.11944444444444445
0 0.915625 0.8222222222222222 0.0390625 0.11388888888888889
0 0.25625 0.04722222222222222 0.0140625 0.03333333333333333
0 0.40625 0.425 0.01875 0.08055555555555556
1 0.2984375 0.5444444444444444 0.0375 0.05555555555555555
1 0.3046875 0.16666666666666666 0.0171875 0.03888888888888889
1 0.5921875 0.5111111111111111 0.025 0.06666666666666667
0 0.403125 0.07777777777777778 0.0125 0.044444444444444446
1 0.346875 0.1638888888888889 0.0171875 0.044444444444444446
0 0.403125 0.058333333333333334 0.0125 0.027777777777777776
1 0.728125 0.08611111111111111 0.01875 0.030555555555555555
0 0.4171875 0.3472222222222222 0.0296875 0.06944444444444445
1 0.7109375 0.225 0.0171875 0.03611111111111111
0 0.4796875 0.21388888888888888 0.01875 0.05
1 0.4078125 0.2 0.015625 0.041666666666666664
1 0.3 0.05277777777777778 0.0140625 0.04722222222222222
0 0.2296875 0.3111111111111111 0.03125 0.058333333333333334
0 0.30625 0.21666666666666667 0.0265625 0.06666666666666667
1 0.2890625 0.08888888888888889 0.0140625 0.05
0 0.453125 0.14166666666666666 0.0140625 0.058333333333333334
1 0.571875 0.075 0.0125 0.044444444444444446
0 0.3796875 0.19722222222222222 0.0140625 0.05277777777777778
1 0.7375 0.1527777777777778 0.0125 0.030555555555555555
0 0.275 0.8027777777777778 0.0390625 0.08333333333333333
1 0.6921875 0.11666666666666667 0.0140625 0.03611111111111111
1 0.4046875 0.3 0.0140625 0.03333333333333333
0 0.5625 0.46111111111111114 0.0265625 0.06388888888888888
1 0.54375 0.05555555555555555 0.0125 0.05555555555555555
1 0.45 0.3861111111111111 0.01875 0.044444444444444446
0 0.875 0.5777777777777777 0.0375 0.10277777777777777
1 0.7265625 0.10555555555555556 0.01875 0.05555555555555555
1 0.625 0.019444444444444445 0.0171875 0.03888888888888889
1 0.553125 0.8138888888888889 0.03125 0.08333333333333333
1 0.65 0.4888888888888889 0.0171875 0.08333333333333333
1 0.346875 0.05 0.015625 0.05277777777777778
1 0.7359375 0.35833333333333334 0.021875 0.041666666666666664
1 0.2265625 0.6 0.0203125 0.05555555555555555
0 0.5625 0.4388888888888889 0.021875 0.025
1 0.46875 0.1 0.0140625 0.058333333333333334
1 0.234375 0.6666666666666666 0.0296875 0.05555555555555555
1 0.4078125 0.18611111111111112 0.0125 0.027777777777777776
0 0.1875 0.2611111111111111 0.046875 0.10555555555555556
1 0.346875 0.48055555555555557 0.0203125 0.09722222222222222
1 0.3703125 0.48055555555555557 0.0203125 0.09444444444444444
1 0.359375 0.40555555555555556 0.0203125 0.06944444444444445
1 0.378125 0.4 0.0234375 0.08055555555555556
1 0.35625 0.3638888888888889 0.01875 0.058333333333333334
0 0.3453125 0.33055555555555555 0.025 0.08611111111111111
1 0.2390625 0.3611111111111111 0.0546875 0.08055555555555556
0 0.225 0.4083333333333333 0.0359375 0.08333333333333333
1 0.434375 0.49722222222222223 0.0234375 0.075
1 0.5109375 0.49722222222222223 0.03125 0.10833333333333334
1 0.6828125 0.6972222222222222 0.0296875 0.09722222222222222
0 0.6796875 0.4666666666666667 0.03125 0.09166666666666666
1 0.7359375 0.5027777777777778 0.025 0.1
1 0.7140625 0.4777777777777778 0.021875 0.08333333333333333
1 0.6921875 0.40555555555555556 0.021875 0.06666666666666667
0 0.4765625 0.18611111111111112 0.01875 0.03888888888888889
1 0.4765625 0.15 0.0203125 0.044444444444444446
1 0.509375 0.2222222222222222 0.015625 0.075
0 0.5 0.18333333333333332 0.015625 0.075
1 0.4890625 0.13055555555555556 0.015625 0.06388888888888888
1 0.4921875 0.1111111111111111 0.015625 0.058333333333333334
0 0.4296875 0.058333333333333334 0.0125 0.058333333333333334
1 0.44375 0.08888888888888889 0.0140625 0.06111111111111111
1 0.528125 0.07777777777777778 0.0125 0.05555555555555555
1 0.5421875 0.1111111111111111 0.0125 0.04722222222222222
1 0.546875 0.14166666666666666 0.015625 0.07222222222222222
1 0.5625 0.11666666666666667 0.0140625 0.06388888888888888
0 0.5890625 0.12222222222222222 0.015625 0.06111111111111111
0 0.671875 0.022222222222222223 0.015625 0.044444444444444446
1 0.6640625 0.058333333333333334 0.015625 0.05555555555555555
1 0.678125 0.06111111111111111 0.0109375 0.05555555555555555
1 0.634375 0.06111111111111111 0.0171875 0.05
1 0.65 0.11666666666666667 0.0109375 0.06111111111111111
1 0.6359375 0.09722222222222222 0.015625 0.05277777777777778
0 0.66875 0.1111111111111111 0.0203125 0.06111111111111111
0 0.70625 0.08888888888888889 0.0140625 0.06388888888888888
1 0.721875 0.18055555555555555 0.0171875 0.07777777777777778
1 0.74375 0.2 0.0125 0.05277777777777778
1 0.74375 0.2361111111111111 0.0140625 0.07222222222222222
1 0.725 0.3055555555555556 0.01875 0.075
1 0.603125 0.12777777777777777 0.0125 0.05277777777777778
1 0.6125 0.125 0.0171875 0.05277777777777778
1 0.60625 0.15555555555555556 0.0140625 0.058333333333333334
1 0.6296875 0.14722222222222223 0.0109375 0.05277777777777778
1 0.6375 0.16944444444444445 0.015625 0.058333333333333334
0 0.65625 0.17777777777777778 0.0171875 0.041666666666666664
1 0.6078125 0.20833333333333334 0.01875 0.06111111111111111
1 0.6 0.2388888888888889 0.0171875 0.06944444444444445
1 0.5828125 0.2361111111111111 0.015625 0.07777777777777778
1 0.6078125 0.3138888888888889 0.015625 0.07222222222222222
1 0.6125 0.2861111111111111 0.0171875 0.06944444444444445
1 0.63125 0.2222222222222222 0.0140625 0.04722222222222222
1 0.628125 0.25833333333333336 0.015625 0.06111111111111111
1 0.6453125 0.2611111111111111 0.0140625 0.075
1 0.6515625 0.2361111111111111 0.0125 0.06111111111111111
1 0.665625 0.23055555555555557 0.009375 0.07222222222222222
1 0.678125 0.23333333333333334 0.0140625 0.075
0 0.684375 0.2916666666666667 0.021875 0.06944444444444445
0 0.6984375 0.3333333333333333 0.0203125 0.08055555555555556
1 0.76875 0.20555555555555555 0.0125 0.04722222222222222
1 0.775 0.23333333333333334 0.0125 0.05
1 0.7578125 0.2388888888888889 0.0109375 0.06944444444444445
1 0.7640625 0.28055555555555556 0.015625 0.075
0 0.815625 0.4861111111111111 0.05 0.12222222222222222
1 0.93125 0.46111111111111114 0.034375 0.09444444444444444