0 0.24768508371978024 0.7478556148539929 0.059747704722264317 0.11942082114654322
0 0.3503272529268663 0.13260928488722562 0.02050339754067192 0.06022583647410984
0 0.21163745764913058 0.23354180612002934 0.025227258976990453 0.07177367907924624
0 0.24204309601642038 0.45575221669330096 0.033085210772388504 0.08639045379151074
0 0.11549981849627385 0.9230838735613224 0.06925906010845857 0.15383225287735533
0 0.2533249878997516 0.08469461178847965 0.018904536104353477 0.04896914819832359
0 0.7919067406302261 0.4653287119922746 0.028370439695149584 0.07762038896415203
1 0.42229315651766247 0.16708361224005866 0.01580680718159222 0.0570113272023067
0 0.3511272045258726 0.3770537293316701 0.031486349336070064 0.07513376551572451
1 0.7397624576491306 0.282746887780218 0.0220568071815924 0.05759363586100711
1 0.5340215177575891 0.4190862575986584 0.020530668617910842 0.06855916980744325
1 0.4923602168225127 0.09863458465043884 0.015797716822512697 0.05423354942452892
0 0.2788340480082102 0.24257940197883707 0.028297716822512697 0.055398166741929815
1 0.29866475897699046 0.0972496828973913 0.018886355386194254 0.043413592642768055
1 0.33834540339440444 0.28977800090315803 0.025127265027114643 0.04121812352369068
0 0.19501355991206687 0.4041626795308253 0.023692030054229284 0.07996143524790446
1 0.7361385296614459 0.6073101562861927 0.017342036104353475 0.048823571033648566
0 0.35689541549465287 0.23041381576814832 0.01897725897699045 0.07119137042054575
1 0.2708942829810955 0.20296262726657258 0.01259999394987581 0.03172017287295653
0 0.6515817224798535 0.543893433838181 0.04247839149054773 0.09281947233511686
1 0.4222386143631847 0.150416945573392 0.012581813231716588 0.0261646173174009
1 0.5012544695529872 0.4299180260293699 0.017332945745273776 0.046045793255870784
1 0.6938783067888089 0.5811573506177423 0.017278403590796288 0.02937912658920412
1 0.775173758584207 0.6026162520697372 0.02676248789975162 0.06358592291058802
1 0.38826463192438215 0.7470686707858644 0.015752265027114642 0.04034466053564011
1 0.45335225897699044 0.11166182220022763 0.012618174668035031 0.037275728428512046
1 0.6923521682251274 0.5921228845641784 0.020457945745273775 0.046336947585220875
1 0.2947317587805987 0.3273685069589215 0.017342036104353475 0.04882357103364849
0 0.22609993344863372 0.3570742228243276 0.020467036104353475 0.04911472536299865
0 0.28123390280522925 0.9608454987682962 0.09095225292686626 0.07830900246340775
1 0.34597713797450635 0.7125825317840807 0.02520907825883123 0.06621812352369084
1 0.35872257766965604 0.7887471491014815 0.036237481849627426 0.09501494145419416
1 0.37322141490547767 0.9233906769168909 0.029987481849627427 0.09443263279549367
1 0.3293805113146815 0.89153673852821 0.030023843285945873 0.10554374390660479
1 0.35282710167376113 0.8964981737761146 0.02842498184962743 0.09428705563081886
1 0.40570562021691714 0.3488155967619658 0.026898843285945873 0.1052525895772547
1 0.44188051131468153 0.9020182943848182 0.029987481849627427 0.09443263279549367
0 0.3955135296614459 0.5755743343870177 0.030014752926866173 0.10276596612882716
1 0.5027634691602038 0.891029137140481 0.025327252926866172 0.10232923463480195
1 0.6055975776696559 0.8117483411201498 0.0362829336450254 0.10890383034308306
1 0.5046986738824681 0.9830175214824782 0.033057939695149585 0.03396495703504362
1 0.646722547419035 0.9547734830882986 0.03943520472226432 0.09045303382340282
1 0.6853578005422929 0.8413949987408027 0.02841589149054773 0.09150927785304108
1 0.681097547419035 0.9649629252712395 0.028388620413308984 0.07007414945752101
1 0.7078418546006274 0.996683098144196 0.03147725897699054 0.00663380371160795
1 0.7176521500747548 0.6861187858656468 0.02841589149054773 0.09150927785304093
1 0.5344840843089554 0.08312072365222248 0.01425339754067192 0.05964352781540935
1 0.5547874939498758 0.08223544901522117 0.01269998789975162 0.06227572842851203
1 0.5673147650271146 0.09173339966595544 0.007994307181592396 0.056283441378931126
1 0.5798420361043535 0.10123135031668967 0.009547716822512698 0.05365124076582847
1 0.5923329457452738 0.09961818985631281 0.011092036104353475 0.04824126237494804
1 0.6016897650271147 0.09493609728880795 0.007967036104353476 0.047950108045597795
1 0.5893533914905478 0.14377147997140702 0.009565897540672098 0.05920679632138403
1 0.6019352047222644 0.16993609728880796 0.011155668617910841 0.06768570681939244
1 0.6018352107723886 0.1393805417332524 0.011064765027114731 0.039907929041614665
1 0.612763620413309 0.1376218041082004 0.011082945745273775 0.04546348459717026
1 0.6159704336450254 0.16291295843755066 0.009602258976990541 0.07031790743249514
1 0.6266897650271146 0.09726533192360978 0.007985216822512697 0.05350566360115335
1 0.6329852168225127 0.11173652947119912 0.009529536104353652 0.048095685210272916
1 0.6269079336450255 0.16393199859027646 0.009593168617910841 0.06754012965471733
1 0.6393988432859459 0.16231883812989958 0.01271816861791084 0.0678312839840676
0 0.6469840843089554 0.09360227950883071 0.009547716822512698 0.05365124076582847
0 0.6564863493360701 0.1333646313857703 0.01425339754067192 0.05964352781540935
0 0.661055674668035 0.09769025176868451 0.011082945745273954 0.04546348459717026
1 0.6736374878997516 0.12385486908608544 0.011128397540672097 0.05935237348605911
1 0.678552246876742 0.19373604502455524 0.012709078258831141 0.06505350620628987
1 0.6768806625677867 0.16025713452654677 0.009529536104353475 0.048095685210272916
1 0.6925238432859459 0.16726846172885346 0.007994307181592396 0.056283441378931126
1 0.6876818071815924 0.11960950801260589 0.011155668617910664 0.06768570681939244
1 0.7065954336450255 0.17135643398870729 0.01269089754067192 0.05949795065073423
1 0.703388620413309 0.14606527965935706 0.011101126463433175 0.05101904015272581
1 0.43148634933607005 0.1124015196725538 0.014244307181592397 0.05686575003763158
1 0.3688409035907962 0.06213398864110478 0.020494307181592397 0.057448058696332065
1 0.3454034035907962 0.05995033117097807 0.012672716822512697 0.053942395095178675
1 0.33759999394987583 0.062000223125380276 0.009520445745273953 0.045317907432495134