0 0.06062078453190332 0.28116148751215725 0.04934933664159915 0.09881175938469787
0 0.1505223465663966 0.36467583295701744 0.044734611248705036 0.10115280566845021
0 0.22977319892376147 0.34058473089192 0.044734611248705036 0.10115280566845028
0 0.2637457845319033 0.26223645610439233 0.03506851282028158 0.08916823156928852
0 0.35011993217453846 0.2708963787139277 0.03870293507002263 0.10890383034308321
0 0.3117808701400452 0.18257798683478868 0.033578787427387444 0.09180043218239117
0 0.25821922249741 0.17086094376707592 0.03157963978475227 0.07498818835104938
0 0.11257708271265772 0.1120318206949642 0.04237159057054059 0.07045167294821965
0 0.26889985731976357 0.10025188200523054 0.02362159057054054 0.0687047469721183
0 0.31192211124870506 0.06839794361654956 0.028236315963434677 0.06636370068836585
0 0.335869033498446 0.08565873059086729 0.020423815963434677 0.06563581486499027
0 0.3661387303552929 0.10511498668426233 0.020423815963434677 0.06563581486499027
0 0.37928939371369375 0.01886021709711005 0.017080492142117175 0.0377204341942201
0 0.2585402460710585 0.015546343032830515 0.021695217535011226 0.03109268606566103
0 0.431147300247669 0.13525743404369375 0.017444365177646404 0.07090021609119558
0 0.4510959272121397 0.1194760420140284 0.02220463978475227 0.07411472536299873
0 0.4521104636060699 0.0386293321291226 0.018570217535011223 0.05437912658920404
0 0.4684632096771285 0.06495133826014923 0.01722604135632899 0.06256688275786225
0 0.48394696856846864 0.1776756098316372 0.023985463606069856 0.08259363586100715
0 0.5002654813887502 0.2624765264606723 0.022568512820281585 0.08800361425188755
0 0.39819355913900917 0.2524945977201103 0.021006012820281583 0.0878580370872125
0 0.5361302067816444 0.25635047389536686 0.022350188998963995 0.0796702809185542
0 0.5715625926374551 0.3532933534371895 0.02227741439185813 0.07689250314077643
0 0.6300300641014079 0.3729069983442102 0.02583906203449331 0.09385032413679349
0 0.6461987196019259 0.33241676064389514 0.025475188998963994 0.07996143524790446
0 0.6881678957806083 0.3201528438643337 0.0260573858558109 0.10218365747012675
0 0.7307578101724664 0.3913678375827807 0.0323073858558109 0.10276596612882716
0 0.6646918544242795 0.26107981305867417 0.022641287427387448 0.09078139202966531
0 0.7416910020669146 0.27061319865626027 0.033578787427387444 0.09180043218239117
0 0.785732100495338 0.27764814915646807 0.02718323821317572 0.08566256796813512
0 0.7617466368892682 0.19913067390636416 0.02383991439185813 0.07703808030545163
0 0.6193022717116217 0.14278817428268004 0.022422963606069858 0.08244805869633202
0 0.6153082845319033 0.2294815940524916 0.020642139784752267 0.07396914819832354
0 0.6886687018192456 0.10012609076118875 0.014173815963434677 0.06505350620628979
0 0.6893579065339753 0.06664718026318031 0.020351041356328814 0.06285803708721246
0 0.712940955748187 0.07001907834860915 0.02198631596343468 0.06578139202966536
0 0.7345248573197636 0.056869886932046435 0.02049659057054054 0.06841359264276806
0 0.6705693651776464 0.019210429671213298 0.01722604135632899 0.038420859342426596
0 0.6807448858558109 0.036819510531000334 0.021840766749222952 0.060225836474109826
0 0.7081421397847523 0.016256586262066927 0.02474744292790554 0.032513172524133854
0 0.7103596112487051 0.031275766624395386 0.018642992142117266 0.05715690436698182
0 0.6466224429279055 0.010507247601716877 0.014101041356328814 0.021014495203433754
0 0.6873202175350113 0.00941837177889117 0.01871576674922295 0.01883674355778234
0 0.5941181811410812 0.07830516508614008 0.023767139784752266 0.07426030252767381
0 0.5623587588913402 0.06177226393519792 0.021695217535011226 0.05467028091855427
0 0.34497016749223003 0.5526165515868843 0.03764985731976358 0.12820269762285252
0 0.322007856491194 0.6327235639994638 0.04502570967712849 0.11226391677956148
0 0.38854038502724136 0.6014637459184339 0.04077485731976349 0.12849385195220278
0 0.3613272216688405 0.6986741564917055 0.04055653349844608 0.12016051861886944
0 0.37971765673886304 0.8027739404005101 0.045389582712657806 0.1261528056684502
0 0.3483264156302032 0.9198655269122513 0.050984611248705035 0.1017351143271507
0 0.38568086641599153 0.9108161194044931 0.04509848428423426 0.11504169455733909
0 0.448433423488086 0.8548474556528134 0.037577082712657625 0.12542491984507492
0 0.4538144363083676 0.9406674124345743 0.04320634449948209 0.04281947233511687
0 0.48182381223938114 0.7542769586430634 0.03772263192686935 0.13098047540063046
0 0.5247390583104397 0.7781241529746132 0.04375430810555194 0.12322945072599761
0 0.5420764156302033 0.9018139584925371 0.04004711124870504 0.10071607417442516
0 0.5960704028099217 0.8104620694531219 0.037577082712657625 0.12542491984507492
0 0.5633606025622526 0.638082458417274 0.0389940334984459 0.12001494145419432
0 0.5373032167064418 0.5402661158874006 0.030599336641599174 0.09706483340859665
0 0.6597218722069598 0.4898766309891777 0.02740156203449331 0.09399590130146862
0 0.6964984342414531 0.5783406000329918 0.030672111248705038 0.09984261118637441
0 0.7325087088485589 0.577770103023242 0.0323073858558109 0.10276596612882716
0 0.7707364549196175 0.6020540288488171 0.041900709677128486 0.11197276245021123
0 0.8252784057054058 0.5914032725296324 0.049058238213175544 0.08770064827358669
0 0.8168066261359013 0.4473955595792134 0.04033820967712849 0.1118271852855361
0 0.8531079991714303 0.45793617368057465 0.040119885855811076 0.10349385195220262
0 0.9391910483856423 0.45548498517899894 0.04302656203449331 0.09545167294821953
0 0.9009247609582548 0.3699443710776376 0.033578787427387624 0.09180043218239117
0 0.9145848465663967 0.2934885994308865 0.06170378742738762 0.09442082114654321
0 0.8380223465663967 0.30062188049996713 0.04913101282028158 0.09047842605136454
0 0.7727399106678045 0.7383107171246034 0.03921235731976367 0.1283482747875275
0 0.8001800140586267 0.8889048374322543 0.04102741439185813 0.07863942911687774
0 0.8908777886657326 0.8832391396588755 0.0580693651776464 0.07468522237274852
0 0.976628928245597 0.6271367103914713 0.04674214350880597 0.1157695803807147
1 0.28812073821317574 0.05669271219778738 0.025329639784752268 0.07440587969234894
1 0.35269266046291675 0.07016849289055214 0.018861315963434676 0.06549023770031516
1 0.4286729636060699 0.04081298959924931 0.018642992142117086 0.05715690436698181
1 0.38899403349844597 0.0807091069919134 0.011048815963434678 0.06476235187693959
1 0.3840882096771284 0.07281250515260541 0.010976041356328814 0.061984574099161804
1 0.3948073858558109 0.06346013166654628 0.010976041356328814 0.061984574099161804
1 0.4045462588913402 0.07647555756738447 0.012684090570540717 0.06768570681939248
1 0.42351458271265774 0.08306196492461643 0.029944365177646405 0.0720648334085965
1 0.392696922249741 0.0007348258714545894 0.011883569892376133 0.0014696517429091788
1 0.47075345574818706 0.09258353887325188 0.012611315963434677 0.06490792904161466
1 0.4866695541766104 0.10223887833761186 0.014319365177646403 0.07060906176184534
1 0.5066181811410811 0.0864574863079465 0.01737159057054054 0.06812243831341781
1 0.5429195541766104 0.09699810040930773 0.012392992142117264 0.056574595708281335
1 0.5638827175350112 0.015023092618883075 0.01246576674922295 0.03004618523776615
1 0.5814340905705405 0.020472418213169943 0.012392992142117264 0.040944836426339885
1 0.6036729636060698 0.027823105684946257 0.014101041356328814 0.05564621136989251
1 0.6195890620344933 0.03416368661999646 0.01559076674922295 0.05964352781540937
1 0.6390668081055518 0.06019453842167287 0.01246576674922295 0.05935237348605913
1 0.6528382096771285 0.04777323282848573 0.020496590570540717 0.06841359264276806
1 0.2544521753501129 0.5053588944178101 0.03365156203449331 0.09457820996016895
1 0.2818494292790543 0.4749607276758803 0.030381012820281585 0.08873150007526315
1 0.27716623738460616 0.5951330579437003 0.027037688998963992 0.08010701241257973
1 0.28854038502724133 0.6107806844576412 0.023912688998963993 0.07981585808322933
1 0.4137929420993359 0.548988934118957 0.03001713978475227 0.07484261118637427
1 0.44740596277750033 0.5764873692163351 0.027256012820281582 0.0884403457459129
1 0.4242595612059238 0.5897821377975729 0.027037688998963992 0.08010701241257973
1 0.4367253279551468 0.6470964309781805 0.029255160462916763 0.1052525895772547
1 0.4200515583104396 0.7878778230078457 0.027765435070022448 0.10788479019035752
0 0.4677570041338292 0.6358515543513448 0.029109611248705036 0.09969703402169915
1 0.5072561517764644 0.6488787919011336 0.03208906203449331 0.09443263279549399
1 0.48973901199171205 0.5781123413256626 0.02427656203449331 0.09370474697211838
1 0.495077175350113 0.4829400110578425 0.023767139784752443 0.07426030252767378
1 0.4993665690638066 0.5270933011729367 0.02347604135632899 0.06314919141656282
1 0.5149530277074778 0.4643808412503994 0.021006012820281583 0.08785803708721257
1 0.5577954991714305 0.4854502578041713 0.024131012820281583 0.08814919141656266
1 0.5825044007430071 0.4720099120582584 0.02071491439185813 0.07674692597610147
1 0.6079410483856422 0.4863473440901232 0.025984611248705037 0.0994058796923489
1 0.6009676104201355 0.5788874737448405 0.024131012820281583 0.08814919141656283
1 0.6202014156302033 0.8945351002587814 0.043244885855810725 0.10378500628155317
1 0.26515004259467395 0.9136922277511436 0.05796235731976358 0.13009520076362896
1 0.6307321931327932 0.6986348841675858 0.036922111248705036 0.1004249198450746
1 0.6545677994190995 0.6518612050883396 0.025984611248705037 0.09940587969234906
1 0.5185917580627706 0.6032697301392882 0.030817660462916764 0.10539816674192982
1 0.5698930847795723 0.4091400633220952 0.01758991439185813 0.07645577164675123
1 0.5958006133156196 0.38166525152261827 0.022568512820281585 0.0880036142518877
1 0.6842466832079958 0.40962404141192305 0.023912688998963993 0.07981585808322933
1 0.695513822992748 0.4809728006460945 0.022641287427387448 0.09078139202966548
1 0.7123374499572188 0.46548256294577944 0.024349336641598995 0.09648252474989616
1 0.7381379706353832 0.4937088838665331 0.023912688998963993 0.07981585808322933
1 0.7608862659206534 0.5250041368944148 0.02747433664159917 0.0967736790792464
1 0.7983520326698765 0.5799891954402205 0.025911836641599174 0.09662810191457127
1 0.8087458771693585 0.6180046213410587 0.035286836641599 0.09750156490262185
1 0.8548931310982999 0.5858595286230275 0.02627570967712849 0.11051699080346017
1 0.8332749962759463 0.6574876305375987 0.03096320967712849 0.11095372229748537
1 0.7016996645967459 0.7170839117572056 0.030890435070022447 0.10817594451970776
1 0.7457065297743923 0.782597772755422 0.02769266046291676 0.10510701241257973
1 0.7128940297743924 0.7856548932135995 0.0338698858558109 0.10291154329350244
1 0.9233520326698764 0.5683430222662114 0.04033820967712849 0.11182718528553595
1 0.8895163800648426 0.4127756550617052 0.02583906203449331 0.09385032413679349
1 0.85448640860089 0.39097835268455783 0.03201628742738762 0.09165485501771606
1 0.8758519863511488 0.36949582793466174 0.024349336641598995 0.09648252474989599
1 0.7686944578151016 0.4045406522972446 0.02271406203449331 0.0935591698074431
1 0.7905352245643247 0.4609814824898014 0.025547963606069857 0.08273921302568239
1 0.7420206418516668 0.34298099804315757 0.02852741439185813 0.07747481179947692
1 0.5662842795695046 0.09203666516140324 0.023621590570540717 0.0687047469721183