0 0.09375 0.925 0.05 0.125
0 0.1578125 0.8805555555555555 0.0625 0.1388888888888889
0 0.5515625 0.14444444444444443 0.021875 0.06388888888888888
0 0.2515625 0.05 0.0140625 0.05277777777777778
0 0.2 0.016666666666666666 0.0390625 0.030555555555555555
0 0.271875 0.022222222222222223 0.01875 0.044444444444444446
1 0.30625 0.1111111111111111 0.01875 0.058333333333333334
1 0.384375 0.03888888888888889 0.0125 0.05555555555555555
1 0.340625 0.1361111111111111 0.0125 0.06388888888888888
1 0.35625 0.14444444444444443 0.0140625 0.06944444444444445
1 0.378125 0.15 0.0109375 0.07222222222222222
1 0.4078125 0.10833333333333334 0.0109375 0.05277777777777778
1 0.5484375 0.044444444444444446 0.0109375 0.05277777777777778
1 0.5640625 0.04722222222222222 0.009375 0.058333333333333334
1 0.4359375 0.32222222222222224 0.01875 0.06944444444444445
1 0.546875 0.7222222222222222 0.0375 0.13333333333333333
1 0.70625 0.7055555555555556 0.034375 0.06944444444444445
1 0.4171875 0.13333333333333333 0.009375 0.05555555555555555