0 0.05125232264481918 0.28116148751215725 0.04749316534054513 0.09881175938469787
0 0.13815233863781953 0.36467583295701744 0.04282384667409058 0.10115280566845021
0 0.21794892663909216 0.34058473089192 0.04282384667409058 0.10115280566845028
0 0.25437732264481916 0.26223645610439233 0.03337612133990877 0.08916823156928852
0 0.34020573464354653 0.2708963787139277 0.036628390674726855 0.10890383034308321
0 0.3048682186505462 0.18257798683478868 0.03183180267345422 0.09180043218239117
0 0.25185230665181885 0.17086094376707592 0.030160214672181596 0.07498818835104938
0 0.10857502132400043 0.1120318206949642 0.04106135200509069 0.07045167294821965
0 0.26480683999045496 0.10025188200523054 0.02231135200509069 0.0687047469721183
0 0.30873865332590944 0.06839794361654956 0.026980670671545238 0.06636370068836585
0 0.33204888399109134 0.08565873059086729 0.019168170671545238 0.06563581486499027
0 0.36159093332272774 0.10511498668426233 0.019168170671545238 0.06563581486499027
0 0.3778340986632729 0.01886021709711005 0.01598862667090888 0.0377204341942201
0 0.2576306866645456 0.015546343032830515 0.020657945337363426 0.03109268606566103
0 0.4254170759866369 0.13525743404369375 0.016079533338636053 0.07090021609119558
0 0.4458204826543642 0.1194760420140284 0.020785214672181595 0.07411472536299873
0 0.4494727413271821 0.0386293321291226 0.017532945337363513 0.05437912658920404
0 0.4649159279917277 0.06495133826014923 0.016024989337999784 0.06256688275786225
0 0.4766704933163644 0.1776756098316372 0.022402258672817865 0.08259363586100715
0 0.4901693719764556 0.2624765264606723 0.020876121339908772 0.08800361425188755
0 0.38873414131127376 0.2524945977201103 0.01931362133990877 0.0878580370872125
0 0.526125053310001 0.25635047389536686 0.0208215773392725 0.0796702809185542
0 0.5582830253023651 0.3532933534371895 0.02080339600572696 0.07689250314077643
0 0.6159318933004561 0.3729069983442102 0.024037484006999676 0.09385032413679349
0 0.6333739319700923 0.33241676064389514 0.023946577339272322 0.07996143524790446
0 0.6756159759707285 0.3201528438643337 0.024092028007635945 0.10218365747012675
0 0.7157500799650016 0.3913678375827807 0.030342028007635947 0.10276596612882716
0 0.6541409653087283 0.26107981305867417 0.020894302673454136 0.09078139202966531
0 0.7305943773074557 0.27061319865626027 0.03183180267345431 0.09180043218239117
0 0.774271651973274 0.27764814915646807 0.025545440006363405 0.08566256796813512
0 0.7529239106460919 0.19913067390636416 0.022365896005727137 0.07703808030545163
0 0.612753443984728 0.14278817428268004 0.020839758672817864 0.08244805869633202
0 0.6059398226448192 0.2294815940524916 0.019222714672181597 0.07396914819832354
0 0.6833023013208187 0.10012609076118875 0.012918170671545326 0.06505350620628979
0 0.6850829773233641 0.06664718026318031 0.019149989337999784 0.06285803708721246
0 0.7084841146562733 0.07001907834860915 0.020730670671545326 0.06578139202966536
0 0.730431839990455 0.056869886932046435 0.01918635200509069 0.06841359264276806
0 0.6682954666613639 0.019210429671213298 0.016024989337999784 0.038420859342426596
0 0.6774704719923641 0.036819510531000334 0.020694308004454244 0.060225836474109826
0 0.7057772853278184 0.016256586262066927 0.023764764003817974 0.032513172524133854
0 0.7071761533259094 0.031275766624395386 0.017551126670908877 0.05715690436698182
0 0.6449852359961821 0.010507247601716877 0.012899989337999785 0.021014495203433754
0 0.6855920546626365 0.00941837177889117 0.01756930800445424 0.01883674355778234
0 0.5897522959898186 0.07830516508614008 0.022347714672181596 0.07426030252767381
0 0.5586295653246367 0.06177226393519792 0.020657945337363516 0.05467028091855427
0 0.3258694199554566 0.5526165515868843 0.03519316000954502 0.12820269762285252
0 0.30036034261618416 0.6327235639994638 0.04289657200827239 0.11226391677956148
0 0.3677114746180931 0.6014637459184339 0.03831816000954502 0.12849385195220278
0 0.33740580927754804 0.6986741564917055 0.038263616008908666 0.12016051861886944
0 0.3523399186028211 0.8027739404005101 0.04298747867599957 0.1261528056684502
0 0.3172194839274579 0.9198655269122513 0.04907384667409058 0.1017351143271507
0 0.3547558465945488 0.9108161194044931 0.042914753341817755 0.11504169455733909
0 0.41914561059836675 0.8548474556528134 0.03517497867599957 0.12542491984507492
0 0.421706989258458 0.9406674124345743 0.04244203866963616 0.04281947233511687
0 0.45571945727245733 0.7542769586430634 0.03521134134309047 0.13098047540063046
0 0.4977251439370029 0.7781241529746132 0.041406797342454026 0.12322945072599761
0 0.5109694839274579 0.9018139584925371 0.038136346674090583 0.10071607417442516
0 0.5677831052673666 0.8104620694531219 0.03517497867599957 0.12542491984507492
0 0.5408035292807296 0.638082458417274 0.03670111600890884 0.12001494145419432
0 0.5180205572883658 0.5402661158874006 0.028743165340545218 0.09706483340859665
0 0.6417125959580019 0.4898766309891777 0.025599984006999678 0.09399590130146862
0 0.6754876119510023 0.5783406000329918 0.028761346674090582 0.09984261118637441
0 0.7114069306174569 0.577770103023242 0.030342028007635947 0.10276596612882716
0 0.7487251172820024 0.6020540288488171 0.039771572008272395 0.11197276245021123
0 0.8034489799490933 0.5914032725296324 0.047420440006363404 0.08770064827358669
0 0.7997069092934563 0.4473955595792134 0.03820907200827239 0.1118271852855361
0 0.8355535026257291 0.45793617368057465 0.03815452800763595 0.10349385195220262
0 0.9214546399586382 0.45548498517899894 0.04122498400699968 0.09545167294821953
0 0.8860989426320925 0.3699443710776376 0.03183180267345413 0.09180043218239117
0 0.9022148386378195 0.2934885994308865 0.059956802673454136 0.09442082114654321
0 0.8256523386378195 0.30062188049996713 0.047438621339908595 0.09047842605136454
0 0.7462717319382757 0.7383107171246034 0.03675566000954511 0.1283482747875275
0 0.7687092585932762 0.8889048374322543 0.03955339600572714 0.07863942911687774
0 0.8593160772597306 0.8832391396588755 0.05670453333863605 0.07468522237274852
0 0.9562467159452753 0.6271367103914713 0.050727253341817755 0.1157695803807147
1 0.2853920599936367 0.05669271219778738 0.023910214672181594 0.07440587969234894
1 0.34932729065881857 0.07016849289055214 0.017605670671545236 0.06549023770031516
1 0.4260352413271821 0.04081298959924931 0.017551126670908877 0.05715690436698181
1 0.3851738839910913 0.0807091069919134 0.009793170671545236 0.06476235187693959
1 0.3805409279917277 0.07281250515260541 0.009774989337999784 0.061984574099161804
1 0.391532971992364 0.06346013166654628 0.009774989337999784 0.061984574099161804
1 0.4008170653246368 0.07647555756738447 0.01137385200509069 0.06768570681939248
1 0.4195125213240004 0.08306196492461643 0.028579533338636054 0.0720648334085965
1 0.39206023066518186 0.0007348258714545894 0.011173857336090798 0.0014696517429091788
1 0.46629661465627326 0.09258353887325188 0.011355670671545326 0.06490792904161466
1 0.48184888932209147 0.10223887833761186 0.012954533338636054 0.07060906176184534
1 0.5022522959898186 0.0864574863079465 0.01606135200509069 0.06812243831341781
1 0.5380988893220915 0.09699810040930773 0.011301126670908879 0.056574595708281335
1 0.5621545546626365 0.015023092618883075 0.011319308004454243 0.03004618523776615
1 0.5792511479949093 0.020472418213169943 0.011301126670908879 0.040944836426339885
1 0.6010352413271821 0.027823105684946257 0.012899989337999785 0.05564621136989251
1 0.6165875159930003 0.03416368661999646 0.01444430800445442 0.05964352781540937
1 0.6351557026575458 0.06019453842167287 0.011319308004454243 0.05935237348605913
1 0.6492909279917276 0.04777323282848573 0.01918635200509051 0.06841359264276806
1 0.23717054662636547 0.5053588944178101 0.031849984006999676 0.09457820996016895
1 0.2654773599618199 0.4749607276758803 0.028688621339908772 0.08873150007526315
1 0.2568830626193658 0.5951330579437003 0.0255090773392725 0.08010701241257973
1 0.2677114746180932 0.6107806844576412 0.0223840773392725 0.07981585808322933
1 0.39460123862191115 0.548988934118957 0.028597714672181595 0.07484261118637427
1 0.42721374395291123 0.5764873692163351 0.02556362133990877 0.0884403457459129
1 0.40370351861872944 0.5897821377975729 0.0255090773392725 0.08010701241257973
1 0.4142592106142751 0.6470964309781805 0.02723520934118149 0.1052525895772547
1 0.3930376439370029 0.7878778230078457 0.02569089067472685 0.10788479019035752
0 0.4455637546149115 0.6358515543513448 0.02719884667409058 0.09969703402169915
1 0.48451716661363886 0.6488787919011336 0.030287484006999675 0.09443263279549399
1 0.4693648812858203 0.5781123413256626 0.022474984006999675 0.09370474697211838
1 0.4777955466263655 0.4829400110578425 0.022347714672181596 0.07426030252767378
1 0.4806296452896384 0.5270933011729367 0.022274989337999783 0.06314919141656282
1 0.49821713462763817 0.4643808412503994 0.01931362133990877 0.08785803708721257
1 0.5402410026257292 0.4854502578041713 0.022438621339908947 0.08814919141656266
1 0.565313727959911 0.4720099120582584 0.01924089600572696 0.07674692597610147
1 0.5902046399586383 0.4863473440901232 0.02407384667409058 0.0994058796923489
1 0.5802296559516387 0.5788874737448405 0.02243862133990877 0.08814919141656283
1 0.5890944839274579 0.8945351002587814 0.04127952800763594 0.10378500628155317
1 0.2344978905951851 0.9136922277511436 0.05550566000954502 0.13009520076362896
1 0.605992177275639 0.6986348841675858 0.03501134667409058 0.1004249198450746
1 0.6312830786123661 0.6518612050883396 0.02407384667409058 0.09940587969234906
1 0.4973080679503659 0.6032697301392882 0.028797709341181487 0.10539816674192982
1 0.5547943986314562 0.4091400633220952 0.016115896005726958 0.07645577164675123
1 0.5815205306333652 0.38166525152261827 0.020876121339908772 0.0880036142518877
1 0.6687841732972745 0.40962404141192305 0.022384077339272324 0.07981585808322933
1 0.6776864586250928 0.4809728006460945 0.020894302673454136 0.09078139202966548
1 0.69496486529282 0.46548256294577944 0.02249316534054522 0.09648252474989616
1 0.7197648706238201 0.4937088838665331 0.022384077339272324 0.07981585808322933
1 0.7414216946212748 0.5250041368944148 0.02561816534054522 0.0967736790792464
1 0.7769773866168205 0.5799891954402205 0.024055665340545217 0.09662810191457127
1 0.7860978479471842 0.6180046213410587 0.03343066534054504 0.09750156490262185
1 0.8331546612826386 0.5858595286230275 0.024146572008272214 0.11051699080346017
1 0.8092626279440026 0.6574876305375987 0.028834072008272215 0.11095372229748537
1 0.67614104527373 0.7170839117572056 0.028815890674727028 0.10817594451970776
1 0.7178740119350939 0.782597772755422 0.025672709341181488 0.10510701241257973
1 0.6850615119350939 0.7856548932135995 0.03190452800763595 0.10291154329350244
1 0.9019773866168205 0.5683430222662114 0.03820907200827221 0.11182718528553595
1 0.8733262226289108 0.4127756550617052 0.024037484006999676 0.09385032413679349
1 0.8391148546308198 0.39097835268455783 0.030269302673454134 0.09165485501771606
1 0.8611171239656379 0.36949582793466174 0.022493165340544862 0.09648252474989599
1 0.7531409919637289 0.4045406522972446 0.020912484006999677 0.0935591698074431
1 0.7730716839592746 0.4609814824898014 0.023964758672817867 0.08273921302568239
1 0.7285591626352742 0.34298099804315757 0.027053396005727138 0.07747481179947692
1 0.5615545706556369 0.09203666516140324 0.02231135200509069 0.0687047469721183