0 0.13282172615379792 0.9089040419087085 0.050735551039618444 0.16751144710926932
0 0.18824293196265673 0.8848020226094891 0.06337726099766212 0.1353425074896298
0 0.5293182178554282 0.903949418623763 0.048367567636357835 0.11195589155371377
1 0.9352130203449391 0.8619780446726111 0.028551975104890916 0.08540336660212233
1 0.2786936850629344 0.032090848084939706 0.026515878424238616 0.06418169616987941
1 0.3588547817435865 0.03161313703087024 0.015104781743586492 0.062146127745505535
1 0.37604228174358656 0.03357102564256725 0.023390878424238613 0.0671420512851345
1 0.3979172817435865 0.03190625310337804 0.020147479254075583 0.06381250620675608
1 0.4597068867226084 0.019531800755520128 0.016785680913749525 0.039063601511040255
1 0.4790488825734235 0.02364899366066025 0.01799298340326061 0.0472979873213205
1 0.42933414772027056 0.14006818858918843 0.02291728174358667 0.06279301314200202
0 0.35722234937994446 0.1404639786814008 0.029404080083912553 0.06886607701475482