0 0.225 0.1638888888888889 0.0265625 0.06111111111111111
0 0.2078125 0.7861111111111111 0.0625 0.09722222222222222
0 0.36875 0.40555555555555556 0.028125 0.07777777777777778
0 0.1125 0.9 0.065625 0.11666666666666667
1 0.7140625 0.18333333333333332 0.021875 0.044444444444444446
1 0.4953125 0.03611111111111111 0.01875 0.05
0 0.00703125 0.016666666666666666 0.0140625 0.03333333333333333
0 0.371875 0.16666666666666666 0.01875 0.06944444444444445
1 0.296875 0.275 0.0203125 0.04722222222222222
0 0.334375 0.06944444444444445 0.01875 0.04722222222222222
0 0.2328125 0.36944444444444446 0.03125 0.07777777777777778
0 0.29375 0.05555555555555555 0.01875 0.04722222222222222
1 0.528125 0.32222222222222224 0.0203125 0.058333333333333334
1 0.425 0.11388888888888889 0.015625 0.05555555555555555
1 0.3265625 0.26666666666666666 0.021875 0.03888888888888889
0 0.4046875 0.6527777777777778 0.04375 0.1111111111111111
1 0.34375 0.7333333333333333 0.04375 0.08055555555555556
1 0.3546875 0.8083333333333333 0.0359375 0.08333333333333333
1 0.3921875 0.8055555555555556 0.034375 0.11666666666666667
1 0.4453125 0.7777777777777778 0.03125 0.10833333333333334
1 0.3109375 0.8944444444444445 0.028125 0.07222222222222222
1 0.334375 0.9361111111111111 0.0296875 0.08888888888888889
1 0.3625 0.95 0.0359375 0.09722222222222222
1 0.4953125 0.9194444444444444 0.0296875 0.1
1 0.56875 0.8388888888888889 0.05625 0.11666666666666667
1 0.6796875 0.8611111111111112 0.0421875 0.08888888888888889
1 0.6359375 0.925 0.0578125 0.07777777777777778
1 0.65625 0.9777777777777777 0.0421875 0.044444444444444446
1 0.646875 0.5388888888888889 0.0265625 0.09444444444444444
1 0.671875 0.5305555555555556 0.025 0.09722222222222222
1 0.7046875 0.5833333333333334 0.025 0.1
1 0.709375 0.6805555555555556 0.0375 0.09444444444444444
1 0.75625 0.6 0.0234375 0.1
0 0.790625 0.6305555555555555 0.0390625 0.12777777777777777
1 0.5203125 0.4027777777777778 0.025 0.06666666666666667
1 0.4125 0.3472222222222222 0.034375 0.10833333333333334
0 0.35 0.31666666666666665 0.0328125 0.07777777777777778
1 0.3125 0.33611111111111114 0.021875 0.07222222222222222
1 0.29375 0.33055555555555555 0.0234375 0.07777777777777778
1 0.3296875 0.34444444444444444 0.021875 0.09444444444444444
0 0.234375 0.2916666666666667 0.0296875 0.07777777777777778
0 0.196875 0.28888888888888886 0.03125 0.09722222222222222
0 0.7296875 0.24722222222222223 0.034375 0.06666666666666667
1 0.596875 0.09722222222222222 0.0109375 0.06388888888888888
1 0.6125 0.09444444444444444 0.0125 0.06944444444444445
1 0.625 0.08888888888888889 0.0078125 0.06944444444444445
1 0.634375 0.09166666666666666 0.0109375 0.07222222222222222
1 0.6703125 0.11388888888888889 0.0140625 0.06666666666666667
1 0.6703125 0.075 0.0125 0.03611111111111111
1 0.6859375 0.09166666666666666 0.0109375 0.06666666666666667
1 0.7 0.09166666666666666 0.0109375 0.05555555555555555
1 0.6953125 0.058333333333333334 0.009375 0.03333333333333333
1 0.6703125 0.041666666666666664 0.009375 0.03333333333333333
1 0.6828125 0.030555555555555555 0.0125 0.03611111111111111
0 0.653125 0.05 0.0125 0.05555555555555555
1 0.634375 0.03611111111111111 0.015625 0.041666666666666664
1 0.590625 0.07222222222222222 0.0078125 0.05277777777777778
1 0.590625 0.03333333333333333 0.0078125 0.041666666666666664
1 0.5984375 0.03333333333333333 0.0109375 0.04722222222222222
1 0.58125 0.03611111111111111 0.009375 0.05555555555555555
1 0.5734375 0.025 0.009375 0.04722222222222222
1 0.5390625 0.025 0.0140625 0.05
1 0.43125 0.058333333333333334 0.0125 0.06111111111111111
1 0.4453125 0.06666666666666667 0.0125 0.06666666666666667
1 0.29375 0.18333333333333332 0.034375 0.09444444444444444