0 0.2375 0.11666666666666667 0.021875 0.058333333333333334
0 0.31875 0.04722222222222222 0.0203125 0.04722222222222222
0 0.1109375 0.9166666666666666 0.0640625 0.14444444444444443
1 0.49375 0.025 0.0171875 0.05
0 0.3796875 0.49722222222222223 0.0296875 0.08333333333333333
0 0.66875 0.16666666666666666 0.025 0.058333333333333334
0 0.228125 0.30833333333333335 0.028125 0.07222222222222222
0 0.1828125 0.8388888888888889 0.0625 0.1111111111111111
1 0.3359375 0.24444444444444444 0.0203125 0.04722222222222222
1 0.546875 0.975 0.015625 0.041666666666666664
1 0.296875 0.24722222222222223 0.0203125 0.044444444444444446
0 0.221875 0.2 0.021875 0.06666666666666667
1 0.040625 0.016666666666666666 0.0328125 0.03333333333333333
1 0.5390625 0.4361111111111111 0.01875 0.06111111111111111
0 0.2375 0.25555555555555554 0.0171875 0.05
1 0.5390625 0.41944444444444445 0.0171875 0.03888888888888889
0 0.3015625 0.17222222222222222 0.025 0.05
1 0.296875 0.1361111111111111 0.0140625 0.030555555555555555
1 0.3859375 0.8361111111111111 0.0140625 0.03611111111111111
1 0.5421875 0.40555555555555556 0.0125 0.030555555555555555
1 0.7828125 0.6388888888888888 0.0203125 0.058333333333333334
1 0.4578125 0.7083333333333334 0.01875 0.03611111111111111
0 0.109375 0.016666666666666666 0.0234375 0.03333333333333333
0 0.1515625 0.016666666666666666 0.040625 0.03333333333333333
1 0.490625 0.9777777777777777 0.0296875 0.044444444444444446
1 0.2828125 0.03333333333333333 0.0109375 0.03611111111111111
1 0.3171875 0.2972222222222222 0.01875 0.044444444444444446
1 0.284375 0.044444444444444446 0.0140625 0.044444444444444446
1 0.6984375 0.16111111111111112 0.0125 0.044444444444444446
1 0.3109375 0.9611111111111111 0.04375 0.06666666666666667
1 0.35 0.8777777777777778 0.0453125 0.10277777777777777
1 0.3390625 0.8 0.0375 0.06666666666666667
1 0.55625 0.9388888888888889 0.04375 0.10833333333333334
1 0.6640625 0.9333333333333333 0.0484375 0.1111111111111111
1 0.696875 0.75 0.034375 0.08888888888888889
1 0.659375 0.6027777777777777 0.0328125 0.09722222222222222
1 0.6859375 0.5777777777777777 0.0203125 0.08333333333333333
1 0.7265625 0.6222222222222222 0.0328125 0.08055555555555556
0 0.796875 0.7194444444444444 0.0390625 0.125
0 0.353125 0.38055555555555554 0.03125 0.09444444444444444
0 0.421875 0.38333333333333336 0.0328125 0.10277777777777777
0 0.521875 0.275 0.021875 0.07222222222222222
0 0.3796875 0.1388888888888889 0.0203125 0.06944444444444445
0 0.428125 0.09444444444444444 0.015625 0.058333333333333334
1 0.4359375 0.044444444444444446 0.0125 0.06388888888888888
1 0.428125 0.044444444444444446 0.0078125 0.04722222222222222
1 0.59375 0.08611111111111111 0.0109375 0.06666666666666667
1 0.5859375 0.058333333333333334 0.009375 0.05555555555555555
1 0.590625 0.022222222222222223 0.0078125 0.03333333333333333
1 0.6109375 0.07777777777777778 0.009375 0.06666666666666667
1 0.60625 0.06388888888888888 0.009375 0.06111111111111111
1 0.621875 0.075 0.0078125 0.06388888888888888
1 0.6328125 0.075 0.009375 0.06388888888888888
1 0.6359375 0.027777777777777776 0.0125 0.04722222222222222
0 0.6546875 0.027777777777777776 0.0125 0.04722222222222222
1 0.6609375 0.09444444444444444 0.0109375 0.06111111111111111
1 0.6796875 0.075 0.0109375 0.06111111111111111
1 0.69375 0.075 0.0109375 0.05277777777777778
1 0.6859375 0.05277777777777778 0.0109375 0.044444444444444446
1 0.6640625 0.03333333333333333 0.0109375 0.04722222222222222
1 0.6734375 0.03888888888888889 0.009375 0.05