0 0.1328670421544777 0.012334642066831833 0.03134999394987581 0.024669284133663667
0 0.26402822208707005 0.9282450874857725 0.0441045240041051 0.11104939318269152
0 0.351736258584207 0.5088270767606904 0.03153180113146812 0.08805115386065268
0 0.42834316861791083 0.040088080997947556 0.017351126463433175 0.05106702351224784
1 0.28124195140261465 0.4576366173916032 0.04562157220870704 0.09725750643127971
0 0.47714428298109557 0.14819212584726926 0.01896816861791084 0.0678306923163916
0 0.36793395120622285 0.6828570553859196 0.03156816256778665 0.09916226497176378
0 0.42682716217500316 0.5319487519395684 0.02373748184962743 0.09312169872882284
0 0.46854196350286303 0.3848852497832428 0.020485216822512697 0.054038805564979635
0 0.12164982454639806 0.8787389486628532 0.06284543364502548 0.10943564105463868
0 0.34501355991206684 0.3647706408661541 0.02051248789975162 0.062372138898313126
1 0.3037249636992548 0.1645149186627804 0.017378397540672007 0.0594003568455812
0 0.6298329457452738 0.016137491843097606 0.017360216822512698 0.03227498368619521
1 0.5285340661585828 0.09221327753274795 0.01885908430895533 0.03449735898305827
1 0.5427874636992548 0.14967359162878757 0.014244307181592397 0.05642857479284926
0 0.38148634933607006 0.048553700677815434 0.01581589754067201 0.05930335470810411
0 0.4813499939498758 0.013081953950000606 0.015788626463433174 0.026163907900001213
1 0.5195317708808471 0.20668417924649932 0.01884999394987581 0.0317195812052805
1 0.6722840661585827 0.08328908088485688 0.015752265027114732 0.03985891026365967
0 0.44370558996629617 0.43643728398287607 0.022120439695149586 0.07635802992467909
0 0.5077964028052293 0.9186683095949042 0.03153180113146821 0.08805115386065268
1 0.43634656615858275 0.0979364036438955 0.015788626463433174 0.05097002137477078
0 0.2996010659621911 0.33702814729743386 0.028397710772388507 0.08507937180792075
0 0.6642715782588311 0.02268510668536938 0.015770445745273774 0.04537021337073876
0 0.46208288524403185 0.3213843694442623 0.02049430718159222 0.05681658334275757
1 0.3101931323171656 0.23079357677953874 0.01895907825883114 0.06505291453861382
1 0.6394079336450255 0.06588168132743105 0.017360216822512698 0.05384480129002562
0 0.28452044574527385 0.02679005542361643 0.015779536104353474 0.04819224359699299
1 0.6959397347764936 0.14850071548936739 0.015743174668035032 0.03708113248588189
0 0.2398533612399268 0.22682533963267384 0.02519998789975162 0.06266314531074436
0 0.7520715601084585 0.1088975274290815 0.0220658975406721 0.059691363258012387
0 0.7514453670936592 0.3951056406776697 0.023673849336070064 0.0736772542843784
0 0.3418158370394299 0.34274242291888607 0.022020445745273863 0.04580247436912354
1 0.7168703791939077 0.3361285765910543 0.017478391490547907 0.08995591240113675
1 0.5248192345801019 0.3897265061674014 0.02054884933607006 0.07348325000942424
1 0.27289416197861144 0.7721075191053545 0.03303066861791084 0.06870371155368515
1 0.5207851986721401 0.11214273266457779 0.015806807181592396 0.05652557693032634
1 0.21716231244614964 0.9339329293878627 0.03781816256778665 0.0995502735216721
0 0.35987496974937894 0.13046728615805006 0.018986349336070064 0.07338624787194716
1 0.6606567406302262 0.35073176465134015 0.018995439695149587 0.07616402564972494
1 0.2802147408266178 0.1437477285027143 0.01582498789975162 0.062081132485881894
1 0.5481476502711465 0.3549381407719119 0.01896816861791084 0.0678306923163916
1 0.18127935460062736 0.9528306452165022 0.03458407825883123 0.06602293591338461
1 0.6505363311856975 0.12353599969842487 0.01268180718159222 0.056331572655372184
1 0.40941240319801275 0.4635713310073718 0.01738748789975162 0.06217813462335897
1 0.5180510841125636 0.23178118138397638 0.018895445745273777 0.045608470094169386
1 0.331749969749379 0.13221332463263744 0.020494307181592397 0.05681658334275757
0 0.2616192769309713 0.19213397637466148 0.023673849336070064 0.0736772542843784
0 0.39267837939029937 0.12565246349325368 0.01894998789975162 0.06227513676083605
0 0.3382726805217675 0.21515864941606244 0.018895445745273864 0.045608470094169386
0 0.3384817587805987 0.2790475383049513 0.02520907825883114 0.06544092308852215
1 0.30724084913967836 0.28376535883227066 0.018986349336070064 0.07338624787194716
1 0.35700449980360827 0.208439068210782 0.009493174668035032 0.03669312393597358
1 0.3648806323171656 0.22739850196784106 0.011064765027114643 0.039567903851228436
1 0.36188289734428025 0.2664813951316841 0.017369307181592398 0.056622579067803415
1 0.3806692587805987 0.2764284805930703 0.01581589754067192 0.05930335470810411
1 0.383621541958086 0.22345669854033837 0.014171584308955331 0.034206352570627034
1 0.3944590480082102 0.19222212802244326 0.011055674668035032 0.03679012607345066
1 0.4070954033944044 0.2331127775892933 0.01427157825883114 0.0647619081261826
1 0.40692268657189173 0.18033499981151555 0.011055674668035032 0.03679012607345066
1 0.4321226744716434 0.2398940767229934 0.014226126463433176 0.050873019237293704
1 0.44764768052176757 0.20836849979266706 0.011128397540672097 0.05901234829567288
1 0.45530564441741406 0.16066126688305948 0.012609084308955331 0.03410935043314996
1 0.46482609016268783 0.20452369850264146 0.011082945745273775 0.04512345940678399
1 0.4602385841125637 0.23537026047062826 0.015779536104353474 0.048192243596993006
0 0.4525624394987579 0.2775219378246803 0.014253397540672097 0.059206352570627035
0 0.4056874394987579 0.2804320019489926 0.02199317466803503 0.03746914103579021
1 0.4837215359079618 0.24780411729736102 0.01424430718159222 0.05642857479284926
1 0.3793067466803503 0.3376365938416585 0.03461134933607006 0.07435626924671794
1 0.41053856596219107 0.3301409955365614 0.017351126463433175 0.05106702351224786
1 0.5009999394987579 0.2745148715628909 0.020485216822512697 0.054038805564979794
1 0.49333288524403185 0.3194443266947208 0.01585225897699054 0.07041446581921523
0 0.41385446350286303 0.38828032459494055 0.018986349336070064 0.07338624787194716
0 0.2362567043294809 0.5604496793784384 0.04261474687674198 0.13317461326743668
0 0.18665668012898404 0.6857759699999272 0.030060204722264318 0.11573192950095322
0 0.16522710772388532 0.8232451110357174 0.025345433645025485 0.1071075897551888
0 0.19967483059652227 0.8433332862334438 0.03779089149054773 0.09121694018833877
1 0.24025437880112416 0.8269223417701509 0.034656801131468115 0.08824515813560684
1 0.24932939695149678 0.734673662278622 0.023692030054229284 0.07923280983993411
0 0.3826145956236369 0.8708729250375146 0.03638292759490129 0.13834216027308407
0 0.4931793909013725 0.7500968843877533 0.034829517953980905 0.1410229359133846
0 0.732041903001621 0.6741444462426494 0.07528180113146803 0.09076721371001087
1 0.5620101623713949 0.2929540104235071 0.01425339754067192 0.059206352570627035
0 0.5384908491396784 0.2694090424856633 0.020539758976990542 0.07070547223164646
0 0.5245647045258727 0.3119487283896236 0.02677157825883114 0.06553792522599922
1 0.5287613251355733 0.1616577219771924 0.014171584308955331 0.034206352570627034
1 0.5257272287263695 0.18962950402992435 0.015697722872636887 0.023192243596993005
1 0.5554783612399268 0.20723090786230433 0.00955680718159222 0.05613756838041802
0 0.5835669998036083 0.1943737582766058 0.01582498789975162 0.062081132485881894
0 0.6222295240041051 0.06972648261745668 0.015806807181592396 0.05652557693032634
1 0.5770170179539809 0.10309510015984746 0.01428066861791084 0.06753968590396037
1 0.5926420179539809 0.10212507878507669 0.006413626463433175 0.05038800854990831
1 0.5912522347764936 0.15499985870033156 0.00947499394987581 0.031137568380418024
1 0.6005908733401751 0.14330673476435798 0.009547716822512698 0.05335979060264025
1 0.6146715540583344 0.14798927108261983 0.01425339754067192 0.059206352570627035
0 0.6070863130353248 0.2179187262144497 0.015743174668035032 0.03708113248588189
1 0.6041703912941561 0.2820016193782927 0.012745439695149584 0.07577601709981663
1 0.6167158430895541 0.295114491167365 0.007985216822512697 0.05326278846516317
1 0.626236288834828 0.33897692278694697 0.01271816861791084 0.0674426837664833
1 0.6449135659621911 0.3155906749149998 0.01428066861791084 0.06753968590396037
1 0.6306238069852006 0.24701924970784905 0.009602258976990541 0.07002645726930691
1 0.6397715480082102 0.17699279243854216 0.012581813231716588 0.025776017099816625
1 0.6288885901626878 0.19433847406754837 0.009511355386194253 0.042248679491529134
1 0.6430056323171656 0.21013212149692131 0.011046584308955332 0.03401234829567288
1 0.6696226744716434 0.2251497518264777 0.011082945745273775 0.04512345940678399
1 0.6822499394987579 0.26326262361555 0.008012487899751619 0.0615961217984965
1 0.685184041958086 0.20473528600726248 0.011119307181592398 0.056234570517895106
1 0.6678601865718917 0.16413564285284366 0.012690897540672097 0.05910935043314996
1 0.6793521984757485 0.33290107233494853 0.015815897540672096 0.05930335470810411
1 0.6996374273985095 0.32330671121441323 0.011182939695149585 0.07567901496233954
1 0.7228840298578376 0.26351834581892375 0.01424430718159222 0.05642857479284926
0 0.7265089996072165 0.41610211932174734 0.018995439695149587 0.07616402564972494
0 0.759076059912067 0.3390650744347287 0.02977840359079629 0.029620818389842263
0 0.7511090238077134 0.2923278628998919 0.02674430718159222 0.057204591892665885
0 0.6462851684215191 0.25716033944418937 0.011073855386194254 0.04234568162900621
0 0.6635272105759968 0.27275998259860823 0.015770445745273774 0.045414465819215225
0 0.653243174668035 0.007722585854392102 0.01418976502711473 0.015445171708784204
0 0.7237738432859459 0.05786578812589111 0.015788626463433174 0.05097002137477078
1 0.7145988311856974 0.1195589120618647 0.012690897540672097 0.05910935043314996
1 0.6739647408266178 0.11930318985849091 0.014153403590796287 0.02865079701507148
1 0.7302056504675383 0.11303333513153836 0.009547716822512698 0.05335979060264025
1 0.7507726805217676 0.1895500851221141 0.01269998789975162 0.06188712821092774
0 0.7350840480082101 0.17107566205244046 0.017360216822512698 0.05384480129002564
0 0.7195681323171657 0.20537901676054457 0.017360216822512698 0.05384480129002564
0 0.6947135780624395 0.2513754954046223 0.01581589754067192 0.05930335470810411
0 0.7997374213483853 0.34765412997143585 0.0298783975406721 0.06017637394539782
0 0.8109112706844555 0.4191973372313186 0.029932939695149586 0.07684304061206448
1 0.8545521863754999 0.383147944048627 0.01904089149054755 0.09005291453861383
1 0.7964397045258726 0.29507035646861224 0.014226126463433176 0.050873019237293704
1 0.8183328852440319 0.29926788209948874 0.01886817466803521 0.03727513676083605
1 0.8150715298578376 0.2577952197077762 0.017296584308955688 0.034400356845581195
1 0.8339851563212706 0.3066311940580513 0.014198855386194253 0.04253968590396037
1 0.7759635780624394 0.24633138425581425 0.012754530054229284 0.07855379487759441
1 0.7931328973442803 0.23970880518801085 0.012681807181592397 0.056331572655372184