0 0.09309516933781015 0.8956947590664857 0.07347719473518963 0.1691214750830568
0 0.26355649147766147 0.7099812269554148 0.04297123920022683 0.12407265473934627
0 0.2410862691524757 0.5046740311225943 0.04248016587924912 0.09907265473934643
0 0.5544195936545797 0.585383063959638 0.04168155771188111 0.1377835355399698
0 0.6907588869384906 0.47007436836880856 0.038065484390903494 0.11242751936343894
0 0.838596186212851 0.48371915553914546 0.04793155771188111 0.13849556789303172
0 0.83285212850097 0.6174085050490097 0.050674611795565025 0.11940713962511815
0 0.8677132234214942 0.8268471917312621 0.04593254809323426 0.11609533758254398
0 0.32700890018533446 0.3369062691111916 0.029925602176918264 0.09487081225544493
0 0.16311009129232704 0.3472637850457316 0.03143353847458741 0.09227104256593266
0 0.1988293364830036 0.3542807101267371 0.03595734736759484 0.08447173349739565
0 0.2057539482785687 0.23985779697305185 0.026473219962933125 0.07784812941224731
0 0.16616565862285496 0.19170822949017602 0.050238102176918265 0.09718491740289592
0 0.25455852522774347 0.0569177846355757 0.02296627404661713 0.05804766879127199
0 0.2809374867531561 0.1426025279356863 0.02323909255827141 0.07193655768016087
0 0.2551934422881189 0.10396199876953247 0.02323909255827141 0.07193655768016087
0 0.35971725118112635 0.10036879018908 0.023184528855940557 0.0691587799023831
0 0.42841268747879546 0.09531421208317756 0.023184528855940557 0.0691587799023831
0 0.46240574156247954 0.11084247858578189 0.023239092558271324 0.07193655768016087
0 0.403318429041275 0.2616952142077829 0.02496528366526398 0.08044789910175973
0 0.3893997727806727 0.33534150113612876 0.025238102176918176 0.09433678799064861
0 0.46064483412075086 0.04175405031786835 0.019950401451278844 0.06324720817029662
0 0.487916662251052 0.014253421073785862 0.016607146641955416 0.028506842147571723
0 0.4025247992743606 0.007343087945530449 0.016770837748948074 0.014686175891060898
0 0.24794642667902228 0.011471385291825056 0.022857146641955418 0.022942770583650112
0 0.19342261778601486 0.005086814724580206 0.030233137023308564 0.010173629449160412
0 0.10603174519067657 0.0057708684631473176 0.025436509618646852 0.011541736926294635
0 0.2791418629766914 0.010813181165661158 0.013482146641955416 0.021626362331322316
0 0.3385714266790223 0.006131142643861264 0.016607146641955416 0.012262285287722528
0 0.600034716334736 0.015439516763051832 0.014880955534962936 0.030879033526103664
0 0.6548313437393978 0.013063321684917096 0.01671627404661713 0.026126643369834193
0 0.6939484074417286 0.00944933169270996 0.01671627404661713 0.01889866338541992
0 0.6721626874787955 0.06754495031376581 0.02156746515360979 0.06620299403633985
0 0.6439831237764646 0.07352687368032187 0.016934528855940555 0.06844674754932127
0 0.7070981934692453 0.1938283117509503 0.02981647477225664 0.08931525669988945
0 0.6762301393855613 0.17794402907181509 0.018606156260602268 0.07418031119314226
0 0.6800446201482676 0.22185444925146314 0.02329365626060227 0.07471433545793865
1 0.49532736896714125 0.10154875317665167 0.018497028855940557 0.06862475563758672
1 0.2216815047245054 0.5401434615151132 0.02970734736759484 0.0837597011443339
1 0.22840273067788833 0.5948089766293414 0.025347229581579887 0.09989234354620417
1 0.25263883884525634 0.6308497361059829 0.026364092558271324 0.07229257385669174
1 0.3278025299522489 0.6139720145359076 0.06446429328391083 0.10712032353061841
1 0.3044394410221746 0.5334868106148216 0.024910719962933127 0.0776701213239818
1 0.28365571506879167 0.4804233682949825 0.025238102176918263 0.09433678799064846
1 0.29702873430608534 0.43455485914441433 0.026691474772256463 0.08895924052335842
1 0.3318203965571374 0.48879400644764215 0.025347229581579978 0.09989234354620401
1 0.35999996025946823 0.48281208308108603 0.02669147477225655 0.08895924052335842
1 0.4064930143431522 0.4969162848775667 0.022058538474587407 0.09120299403633997
1 0.35053568022240134 0.4090581396989442 0.020277783665263983 0.07991387483696334
1 0.3712301261387173 0.3872995901070488 0.02184028366526398 0.08009188292522885
1 0.34984619945969503 0.36479170334276523 0.025128974772256552 0.08878123243509306
1 0.39961307568323046 0.21222923847257924 0.016770837748947897 0.06011341421598794
1 0.4239235949205241 0.16511467270415292 0.015317465153609789 0.06549096168327802
1 0.3586805408368401 0.15314656796685777 0.028144847367594837 0.08358169305606837
1 0.40733629564616347 0.13651720611951743 0.018660719962933215 0.07695808897092005
1 0.3062648689671412 0.12308773185677231 0.021622028855940556 0.06898077181411766
1 0.3151686430137583 0.06664213585988944 0.018387901451278842 0.06306920008203118
1 0.2830109074417286 0.037046972380130765 0.016661710344286186 0.05455785866043238
1 0.3009077355720297 0.013822795258602336 0.01671627404661713 0.027645590517204673
1 0.3712003882044349 0.07134495579344399 0.013700401451278843 0.06253517581723478
1 0.3945287607997732 0.07423039002501766 0.015426592558271413 0.0710465172388336
1 0.3854811430137583 0.05863177188794376 0.01219246515360961 0.06513494550674713
1 0.4360813437393977 0.02756271917476625 0.015317465153609789 0.0551254383495325
1 0.4728372992743607 0.0032489019154248746 0.013645837748947898 0.006497803830849749
1 0.5001438437393977 0.017619051343257957 0.013263891832631991 0.035238102686515914
1 0.4978720156090966 0.051370745088386204 0.016825401451278844 0.06289119199376572
1 0.4785218148834572 0.08406239770312726 0.015262901451278843 0.06271318390550024
1 0.4793402704184201 0.04239573103646061 0.013645837748947898 0.059757398039457
1 0.49618054083684004 0.13748185619949732 0.018660719962933215 0.07695808897092005
1 0.5148412607997732 0.060523767228577253 0.010629965153609788 0.06495693741848164
1 0.5224355059904499 0.07074483789836107 0.009067465153609788 0.06477892933021619
1 0.5252876874787955 0.08427771061071902 0.012301592558271323 0.07069050106230267
1 0.5370436430137583 0.041364987326194154 0.013809528855940556 0.06809073137279034
1 0.523854162251052 0.013461710881422867 0.01202877404661713 0.026923421762845734
1 0.544548608167368 0.0025824360854751582 0.01202877404661713 0.0051648721709503164
1 0.5643700348463903 0.015314272400638556 0.012137901451278844 0.03062854480127711
1 0.5522866970974423 0.05902935088798401 0.013864092558271323 0.07086850915056814
1 0.5590277704184201 0.03331731853492216 0.012192465153609788 0.0651349455067471
1 0.6302132896557138 0.00615405305770744 0.016825401451278844 0.01230810611541488
1 0.6271775696927806 0.056040518206797486 0.013700401451278843 0.0625351758172348
1 0.5945287607997731 0.05144535472703881 0.012137901451278844 0.06235716772896933
1 0.6056845156090966 0.03908818699806948 0.014990082939624472 0.04882429501661136
1 0.6035218148834571 0.06982175064189049 0.013754965153609789 0.06531295359501257
1 0.59774304083684 0.12591133046224243 0.015426592558271324 0.07104651723883361
1 0.6678224170603755 0.0018456186210558606 0.013754965153609789 0.0036912372421117213
1 0.64496527041842 0.02596383988351438 0.01202877404661713 0.05192767976702876
1 0.6777232067160892 0.026178088290060384 0.012083337748947898 0.05235617658012077
1 0.7138789615254126 0.022314674074072456 0.02173115626060227 0.04462934814814491
1 0.7093353052648104 0.07993942286206145 0.01715278366526398 0.07955785866043238
1 0.7221626874787954 0.06184869148927111 0.016934528855940555 0.06844674754932127
1 0.7309374867531562 0.0913361985152339 0.014935519237293703 0.04604651723883357
1 0.7270485949205241 0.1305811035806537 0.015426592558271324 0.07104651723883357
1 0.7527033593484944 0.09439964083507303 0.014935519237293703 0.04604651723883357
1 0.7457985949205241 0.1284450065214682 0.013809528855940556 0.06809073137279036
1 0.7582440312181932 0.1297987195931223 0.020059528855940555 0.06880276372585219
1 0.7418551393855612 0.17046768936466578 0.021785719962933214 0.07731410514745095
1 0.7198511646133048 0.2588929056232279 0.01876984736759475 0.0825136445264756
1 0.7105654446503717 0.33478294606455516 0.03137897477225664 0.08949326478815481
1 0.6877628617107471 0.3844972815224938 0.02356647477225664 0.08860322434682755
1 0.6365624602594682 0.45130465145809967 0.04700397477225664 0.09127334567080948
1 0.5840723773198437 0.504401140593082 0.02189484736759475 0.08286966070300662
1 0.49689975953382887 0.4977029268692811 0.02512897477225664 0.0887812324350929
1 0.5292360551799924 0.676942074172509 0.03472222958157989 0.10096039207579695
1 0.4505902439247322 0.394887844272177 0.02049603847458741 0.09102498594807444
1 0.713010854454353 0.6864926753127402 0.03779266587924912 0.09853863047455004
1 0.720664641747814 0.45558110358065373 0.023675602176918175 0.0941587799023831
1 0.7024057150687917 0.43271720063983926 0.02016865626060227 0.07435831928140778
1 0.5996477920179665 0.2670439728641127 0.02016865626060227 0.07435831928140778
1 0.6202876742319516 0.24806320104999505 0.018715283665263982 0.07973586674869781
1 0.5853868845762378 0.19937960930232287 0.01575397477225664 0.08771318390550029
1 0.6010664482785687 0.1948217506418905 0.018606156260602268 0.07418031119314226
1 0.614221212706539 0.16006435260243349 0.015372028855940556 0.0682687394610558
1 0.6193997860275167 0.13453032833763712 0.018551592558271324 0.07140253341536448
1 0.6329166490042082 0.16070603332102576 0.01715278366526398 0.07955785866043238
1 0.6645485949205241 0.13770142711127212 0.01720734736759475 0.08233563643821017
1 0.6409474038135314 0.14870488176858732 0.011011911069925518 0.08440138186292608
1 0.6520485949205241 0.13912549181739578 0.01731647477225664 0.08789119199376567