0 0.25228230992669803 0.7263997936535135 0.041870425746469486 0.11227478210632569
0 0.6983717980225286 0.05620137807484215 0.02082595222957302 0.05335961327538503
0 0.29579164532809343 0.8780139004360769 0.04365144703379294 0.11787882395334842
0 0.2496821977900975 0.5012058484876445 0.043290814114071985 0.1483858932174368
0 0.3939892086858608 0.6302239018803907 0.030605143815484227 0.10360204473272144
1 0.7750542663436449 0.1761932308895699 0.02206067029858776 0.04507476623351899
1 0.577720080457717 0.3297186710025373 0.01893567029858776 0.044977793650584394
1 0.5202139470337929 0.10066619048246722 0.016356973516896467 0.05876970995653876
0 0.36363616510280766 0.09718148629586099 0.032200494804219916 0.06481012842676705
1 0.28913818169855415 0.4304522741735838 0.049245883171822415 0.1014061024525508
0 0.7278079257464694 0.08866195816176461 0.022279191585911205 0.05063032178907451
0 0.4567955752619367 0.39743797691734073 0.028387079953513705 0.08688689177458744
0 0.14644720919006388 0.8993352510836016 0.07286905347041021 0.14652935497753705
0 0.27018109604505713 0.14736137229758672 0.022497712873234654 0.056185877344630104
0 0.3924824309422495 0.03510064935540446 0.021044473516896468 0.058915168830940584
1 0.30611859604505715 0.1462461875938395 0.015592149011264312 0.039325265512094316
1 0.652665814114072 0.127148897554772 0.017482430942249393 0.04770708513689491
1 0.3175695482746301 0.19873304762281366 0.016936127723940864 0.03381819624800602
0 0.35476318169855414 0.4284158499319583 0.03565327673520509 0.07324043434303494
1 0.4645866599070276 0.15801573882231182 0.018498627723940862 0.03386668253947332
0 0.346721452733776 0.30351282251489287 0.02816855866619026 0.0813313362190319
1 0.31070754307885 0.26291285426050615 0.024169473516896467 0.05901214141387515
0 0.3078446230323638 0.34921791053748635 0.032856058666190256 0.08147679509343367
1 0.5255241599070276 0.1561247734550882 0.013592606436617416 0.028165668109515943
1 0.2520852039942838 0.9600240447356504 0.040012994804219916 0.06505255988410315
1 0.5666840274915097 0.4468702005838768 0.021809298022528623 0.0783596132753849
0 0.48673444753799594 0.3631349177546619 0.02024679802252862 0.07831112698391772
1 0.7942520165957465 0.30631240982192004 0.0242787341605581 0.06178991919165292
0 0.44052571907742094 0.500846076484193 0.029621798022528623 0.07860204473272145
0 0.6322333457929556 0.012524963928768009 0.01402964901126431 0.025049927857536018
1 0.39006726114786483 0.252106720062342 0.012030106436617328 0.028117181818048682
1 0.5389310960450572 0.13902173016521613 0.018137994804219914 0.06437375180356157
1 0.28751070767745457 0.11066842568886837 0.0186078883676025 0.03664446031725106
0 0.03815556386197041 0.015790398629219955 0.052764367080279095 0.03158079725843991
1 0.29504896413374243 0.7000421774924299 0.030277361884498966 0.09526871139938811
1 0.731457085653497 0.2609811529669213 0.01893567029858776 0.044977793650584394
1 0.47839778763096846 0.19096118182390695 0.015373627723940686 0.03376970995653876
0 0.25241444183801276 0.172943207795194 0.019481973516896466 0.058866682539473324
0 0.19724488468443174 0.8782907590207373 0.04576025025210155 0.13181619913370482
1 0.22671386339710828 0.8718139639273034 0.041433383171822415 0.10116367099521426
1 0.2602911879027404 0.8902401962509351 0.04623014381548422 0.1040869076473939
1 0.3213600918576832 0.7325997301622869 0.03696440445914595 0.10657376767636827
1 0.2838272408689475 0.7727007763378576 0.03107503737886681 0.07587275324641117
0 0.4833680549830195 0.9139106984181382 0.06316627153942508 0.1379051038954003
1 0.3891710326872898 0.3884117763393222 0.05327781930985207 0.084884894660286
1 0.42652892105489243 0.4234077027466861 0.019700494804219915 0.06442223809502884
0 0.4287034262506724 0.3593733549833954 0.0274037341605581 0.06188689177458744
1 0.37048673466476123 0.3111188614762171 0.01980975544788164 0.06720001587280662
1 0.39101775595208477 0.3160440952426982 0.024715776735205176 0.07290103030276403
1 0.3676459579295561 0.2388966392539949 0.020279649011264313 0.039470724386496174
1 0.3706288462971587 0.27495926407363874 0.01991901609154336 0.06997779365058439
1 0.4203774740210996 0.30678952237148666 0.019809755447881727 0.06720001587280662
1 0.4409413462971587 0.2727773809576115 0.021481516091543362 0.07002627994205174
0 0.41695754307885 0.2596157864407317 0.02104447351689629 0.05891516883094062
1 0.4119751121366006 0.21249053680144409 0.01770095222957302 0.05326264069245054
1 0.41055472376899804 0.17637942569033294 0.01424817029858776 0.04483233477618261
1 0.4004913089182919 0.19894105195282608 0.013450494804219915 0.0642282929291598
0 0.38366444183801274 0.16887035931194322 0.02293475544788164 0.06729698845574118
0 0.3587737024816745 0.17242391775319735 0.025841234160558103 0.06183840548312018
0 0.3500214153549092 0.2283188773490238 0.021372255447881638 0.06724850216427396
1 0.3390403566887189 0.1480057532508046 0.02348105866619026 0.0811858773446301
0 0.45758254307885 0.2583551428625827 0.015231516091543362 0.06983233477618261
1 0.5057029688253195 0.3681086378126103 0.020356058666190436 0.0810889047616955
1 0.5102047985267317 0.3234702482022967 0.01824725544788173 0.06715152958133944
1 0.5481418411013786 0.3334176883181933 0.022355601240837332 0.09224850216427395
0 0.5341121920901143 0.29491668976104257 0.017231058666190256 0.08099193217876098
1 0.5449732824351884 0.25286213276263775 0.013559755447881728 0.06700607070693756
1 0.5005677185732178 0.23755308225705465 0.01857503737886681 0.07548486291467268
1 0.5207709579295562 0.23414498269020237 0.016903276735204996 0.07265859884542765
1 0.530943633423924 0.21436113420548703 0.01366901609154354 0.06978384848471535
1 0.5238195482746301 0.1923328571491339 0.016138452229573018 0.053214154400983205
1 0.616782580457717 0.3285065137158556 0.02515281930985207 0.08401214141387514
0 0.6187385643661735 0.25891661039700936 0.01781021287323483 0.05604041847022832
1 0.6344399740210995 0.30014690044047054 0.013996798022528623 0.07811718181804868
1 0.6451261017450404 0.3331893160250003 0.015340776735205175 0.07261011255396031
1 0.6658756443196874 0.34367010534703685 0.019012079953513707 0.08659597402578388
1 0.6613302559520846 0.3076559668188603 0.016684755447881727 0.0671030432898721
0 0.6563478250098352 0.2605307171795726 0.013450494804219915 0.0642282929291598
1 0.6382862398605413 0.23884184416349036 0.013341234160558102 0.061450515151382015
1 0.6466778940675857 0.2135509264146867 0.013013452229573019 0.053117181818048684
1 0.6301788089182919 0.1918135671071372 0.014794473516896289 0.0587212236650715
1 0.6393352876309685 0.18596709380277807 0.011450952229573019 0.05306869552658134
1 0.6026001121366006 0.206575209242437 0.01824725544788173 0.06715152958133935
1 0.6097570482746301 0.18966611111843398 0.016684755447881727 0.0671030432898721
1 0.5332602502521016 0.11416718903961795 0.014685212873234654 0.05594344588729372
1 0.5828996173323807 0.1432196695596881 0.016903276735204996 0.07265859884542765
1 0.5984153566887189 0.1399570288672376 0.014903734160558102 0.061499001442849276
1 0.6156028566887188 0.13942367966109762 0.0164662341605581 0.061547487734316536
1 0.6635704631253363 0.16574686869485727 0.01210651609154354 0.06973536219324805
0 0.6824625747577338 0.1290054357946716 0.016356973516896467 0.05876970995653876
1 0.6905700056999832 0.17603371285102476 0.01991901609154336 0.06997779365058447
1 0.6773815908492771 0.1986923116964524 0.013341234160558102 0.061450515151382015
0 0.6729561708027909 0.2850458542648999 0.015012994804219915 0.06427677922062705
1 0.6853140591703933 0.32081756133574013 0.012434298022528623 0.07806869552658142
1 0.6959237772394082 0.3121448239621359 0.01232503737886681 0.07529091774880364
1 0.7104233198140552 0.3228195584500415 0.01421531930985207 0.08367273737360424
1 0.7212515591703934 0.31970237663199286 0.014215319309851893 0.08367273737360424
1 0.7443612772394083 0.3106417489266505 0.024497255447881727 0.06734547474720848
0 0.7370293784802454 0.4026478196335881 0.029731058666190434 0.08137982251049923
0 0.7517802933309516 0.3799407344966931 0.027840776735205 0.07299800288569855
0 0.8058557881351713 0.44222957576716204 0.046011622528160954 0.0985313520918385
0 0.8033427933309516 0.37834068687827316 0.051278276735205 0.07372529725770754
0 0.8568062829393913 0.5046153896205655 0.04433986188449879 0.09570508802259355
0 0.9196669158591124 0.4720718961148519 0.06821440445914603 0.10754349350571381
1 0.8466557507563046 0.36587195960607843 0.03296531930985225 0.08425457287121153
1 0.8150015591703934 0.3167931991439566 0.015777819309852247 0.0837212236650715
1 0.8286270165957464 0.3052457114096401 0.013996798022528623 0.07811718181804868
1 0.8163783888718056 0.27225178211657763 0.013450494804219915 0.0642282929291598
1 0.77008254307885 0.24865788456912846 0.015668558666190435 0.0809434458872938
1 0.7805830005042032 0.23720736941774645 0.010544016091543363 0.06968687590178083
0 0.8008955005042031 0.236577047628672 0.021262994804219913 0.06447072438649618
1 0.7427880695619536 0.19110033189927148 0.01890281930985207 0.0838181962480061
0 0.7291954631253363 0.16371044445323188 0.01824725544788173 0.06715152958133935
1 0.7055722928267485 0.11994480808932921 0.018356516091543363 0.06992930735911713
1 0.720978771539425 0.11390438961910097 0.015012994804219915 0.06427677922062705
0 0.665701409654926 0.02244464610789515 0.015919930942249395 0.0448892922157903
1 0.6409963405971755 0.06910648197024229 0.019372712873234655 0.05608890476169554
1 0.6338722554478816 0.04707820491388916 0.013811127723940863 0.0337212236650715
1 0.4723334579295562 0.23564805772568778 0.018028734160558103 0.06159597402578388
1 0.4612102876309684 0.19149453103004693 0.019481973516896466 0.05886668253947336
1 0.44318155347041016 0.13086828283360855 0.0164662341605581 0.061547487734316536
0 0.4560421863901311 0.09987635065484754 0.030419473516896466 0.05920608657974419
0 0.4089051064366173 0.020949817462723543 0.02707595222957302 0.041899634925447085
0 0.9750321230323639 0.7424031529698506 0.049935753935272234 0.11353542568447463
0 0.21321980992669806 0.7276119509401955 0.03961951089576328 0.13440003174561324