0 0.09350587822784766 0.9344303478322432 0.0782354091943056 0.12936157394440342
0 0.16018423195131987 0.8941515970012138 0.06926045269729171 0.15972319527547382
0 0.2215853656913195 0.09266476794683073 0.04142508700597229 0.06195149275054502
0 0.06282730832062501 0.02382071999434369 0.031868249050069464 0.04764143998868738
0 0.0361920731382639 0.018701029917252924 0.031722778685347244 0.03675755852606026
0 0.1830670731382639 0.01630206694250599 0.02699891109416668 0.03260413388501198
0 0.44476829255305556 0.06859822448549988 0.016388719414791808 0.05865655704080791
0 0.7630143719595835 0.5010226392248973 0.04066267401194459 0.12303028149090854
1 0.4745337534184724 0.5514467222576214 0.02816267401194459 0.12277170252492908
1 0.29709320554708335 0.013668766779839992 0.014498911094166723 0.027337533559679984
1 0.3079943379559028 0.010091496852688535 0.015952308320624997 0.02018299370537707
1 0.3896080138677084 0.03361839635054978 0.014717116641249995 0.05029090133672712