0 0.2217807415624795 0.15690686291760186 0.027762901451278844 0.0619353780660547
0 0.19237097224036778 0.779662434345964 0.06440972958157998 0.09916167388091297
0 0.360783699459695 0.39411279076927963 0.02965278366526398 0.07865053102418863
0 0.09482136044480272 0.8965089870143564 0.06791667549789593 0.11870309090829209
1 0.7104612956461634 0.16117509813279046 0.022748019237293703 0.04512325252498625
1 0.4946031718696989 0.023015937232394906 0.01973214664195542 0.04603187446478981
0 0.00703125 0.016666666666666666 0.0140625 0.03333333333333333
0 0.3686011778601487 0.15512692929745614 0.020114092558271412 0.0700262799420517
1 0.2914731934692453 0.2657876046212185 0.021240082939624472 0.04785254401129677
0 0.33301090744172857 0.059068378070448437 0.01967758293962447 0.04780405771982947
0 0.22555552758999617 0.3622199870158211 0.03277778366526398 0.07874750360712315
0 0.2926587259533829 0.0464401327597086 0.01967758293962456 0.04780405771982947
1 0.5217956105296206 0.3058338557062846 0.021458337748947898 0.0589636551224078
1 0.42276288820443486 0.10070061760979117 0.01671627404661713 0.05604041847022824
1 0.32132438457623785 0.256533031750007 0.022638891832631992 0.0395676969694307
0 0.3918650299522489 0.6402198282877546 0.04593254809323426 0.11246872727219473
1 0.32934518258465406 0.7226663492105337 0.04533234736759484 0.08191317171663917
1 0.33880946262172096 0.7973269451702628 0.03757441106992569 0.08444851803708073
1 0.3763640263240518 0.7933854963972705 0.03666667549789597 0.11773336507894656
1 0.43003466334736035 0.7639591847096056 0.033377984390903316 0.10930305916267886
1 0.29336798784946444 0.8847956724424576 0.02954365626060227 0.07309497546863307
1 0.3159870323145016 0.9257350447371152 0.03143353847458741 0.08981012842676693
1 0.3438392138028473 0.9387511803795933 0.037847229581579975 0.09833740692596962
1 0.47725191452848675 0.9040742900493195 0.03165179328391084 0.10092123953787803
1 0.5522717618960815 0.8212398787948021 0.058541675497895976 0.11841217315948838
1 0.6627727522774347 0.8400195743228481 0.043933538474587405 0.09019801875850501
1 0.6177677871238251 0.9052660793728207 0.05934028366526398 0.07957177056206698
1 0.6370435767795388 0.957413535361524 0.043060519237293704 0.04575357431406088
1 0.636289641747814 0.5188155642214386 0.028417665879248943 0.09526871139938811
1 0.6614533328548065 0.5097064502246289 0.026909729581580066 0.09799800288569871
1 0.6932291225105203 0.5614660158815941 0.026964293283910833 0.10077578066347634
1 0.6960068929289404 0.6585427792294145 0.03935516587924912 0.09560811543965902
1 0.7444642402965351 0.5765326349298409 0.025401793283910835 0.10072729437200899
0 0.7782390395708958 0.6060214920731164 0.041572430307219396 0.12898993506445955
1 0.5124007631620259 0.3866318427191765 0.026309528855940557 0.067442447330143
1 0.405679537208643 0.3344218412748627 0.03650298439090331 0.10940003174561323
0 0.34377973793428246 0.30580573737799793 0.03434028366526398 0.07879598989859049
1 0.30589779201796646 0.3264138528176569 0.02329365626060227 0.07290103030276403
1 0.28725691942262815 0.32144013275970856 0.02496528366526398 0.07850507214978684
1 0.3229216009109739 0.3342138369448503 0.023730165879249122 0.09512325252498625
0 0.22864581125526015 0.28439372294657606 0.031215283665263983 0.07869901731565597
0 0.19120037495759099 0.28277961616401276 0.033159729581579936 0.0981919480515676
0 0.7248313304925539 0.22457912410700662 0.035684528855940555 0.06773336507894664
1 0.5949652704184201 0.07870045888172467 0.012192465153609788 0.06422829292915977
1 0.6106448341207509 0.0754378181892742 0.013864092558271323 0.06983233477618261
1 0.6232539615254126 0.06949437230198047 0.009176592558271324 0.06968687590178081
1 0.6325743978230818 0.0719812323309546 0.012356156260602269 0.07256162626249313
1 0.6680753882044349 0.0930882698494296 0.015372028855940556 0.0671030432898721
1 0.6688392800370669 0.054199380960540715 0.013209328130301045 0.036499001442849274
1 0.6841368978230817 0.07038118471253466 0.012247028855940556 0.06700607070693756
1 0.6981993978230817 0.06994480808932922 0.01202877404661713 0.05589495959582644
1 0.6941666622510521 0.036756933630397705 0.010029764427970277 0.03362425108213696
1 0.6694940444650371 0.02086604762720738 0.010029764427970277 0.03362425108213696
1 0.6822122992743607 0.013808273452891368 0.013209328130301045 0.027616546905782736
0 0.6521428533580446 0.029732730166680692 0.01359127404661713 0.05594344588729372
1 0.6336656718696989 0.018750720783034375 0.016443455534962938 0.03750144156606875
1 0.5892063437393977 0.05389440404759376 0.008849210344286363 0.05302020923511412
1 0.5899702355720298 0.01798003211035319 0.008630955534962936 0.03596006422070638
1 0.5977827355720298 0.019271948416307538 0.011865082939624471 0.038543896832615075
1 0.5805406718696988 0.022998723668732932 0.01046627404661713 0.045997447337465865
1 0.5729464266790224 0.015481050508512222 0.010302582939624471 0.030962101017024443
1 0.5385714266790222 0.0167452088776971 0.015044646641955418 0.0334904177553942
1 0.430104162251052 0.04495111688836652 0.013700401451278843 0.061499001442849276
1 0.44400297114405946 0.052848073598494416 0.013809528855940556 0.06705455699840483
1 0.2901487956461635 0.17421791053748636 0.03623016587924912 0.09551114285672442