0 0.3125 0.5277777777777778 0.046875 0.08888888888888889
0 0.1078125 0.375 0.0484375 0.10277777777777777
0 0.43125 0.9277777777777778 0.0375 0.11388888888888889
0 0.06875 0.18888888888888888 0.034375 0.07222222222222222
0 0.2296875 0.11388888888888889 0.03125 0.06388888888888888
0 0.128125 0.8222222222222222 0.0578125 0.11666666666666667
0 0.3515625 0.6111111111111112 0.034375 0.09166666666666666
0 0.6921875 0.07777777777777778 0.01875 0.06111111111111111
0 0.0625 0.9833333333333333 0.0234375 0.03333333333333333
1 0.6515625 0.9055555555555556 0.0296875 0.075
0 0.409375 0.04722222222222222 0.015625 0.05555555555555555
0 0.0484375 0.7222222222222222 0.0703125 0.11388888888888889
0 0.890625 0.4444444444444444 0.0390625 0.044444444444444446
0 0.3734375 0.925 0.0359375 0.125
1 0.634375 0.9611111111111111 0.0265625 0.07777777777777778
0 0.2515625 0.9444444444444444 0.05 0.10277777777777777
1 0.778125 0.9277777777777778 0.0359375 0.08333333333333333
1 0.55625 0.925 0.0265625 0.08055555555555556
0 0.2859375 0.9694444444444444 0.0390625 0.05555555555555555
0 0.19375 0.6388888888888888 0.0765625 0.09444444444444444
1 0.840625 0.8916666666666667 0.0296875 0.06388888888888888
0 0.390625 0.09722222222222222 0.015625 0.06666666666666667
1 0.79375 0.8861111111111111 0.021875 0.05277777777777778
0 0.3546875 0.03611111111111111 0.0125 0.058333333333333334
0 0.325 0.9583333333333334 0.0328125 0.08055555555555556
0 0.9484375 0.7277777777777777 0.0546875 0.10277777777777777
0 0.4953125 0.9611111111111111 0.034375 0.075
1 0.1796875 0.9611111111111111 0.0421875 0.075
1 0.5875 0.9277777777777778 0.01875 0.10277777777777777
1 0.5234375 0.03888888888888889 0.009375 0.05
0 0.0453125 0.8777777777777778 0.059375 0.1388888888888889
0 0.4984375 0.18333333333333332 0.01875 0.07222222222222222
0 0.3734375 0.12222222222222222 0.0140625 0.06944444444444445
0 0.6640625 0.03611111111111111 0.009375 0.05277777777777778
1 0.8859375 0.9583333333333334 0.040625 0.075
1 0.6234375 0.019444444444444445 0.0078125 0.03888888888888889
1 0.890625 0.8694444444444445 0.0265625 0.05555555555555555
1 0.921875 0.8888888888888888 0.0328125 0.08611111111111111
1 0.6328125 0.016666666666666666 0.009375 0.03333333333333333
1 0.4359375 0.011111111111111112 0.009375 0.019444444444444445
1 0.8421875 0.9611111111111111 0.0296875 0.075
0 0.965625 0.6111111111111112 0.040625 0.05555555555555555
1 0.490625 0.03333333333333333 0.0078125 0.05277777777777778
0 0.0953125 0.7333333333333333 0.0484375 0.12222222222222222
1 0.39375 0.016666666666666666 0.00625 0.030555555555555555
0 0.478125 0.030555555555555555 0.0109375 0.06111111111111111
1 0.26875 0.011111111111111112 0.0109375 0.019444444444444445
1 0.609375 0.25277777777777777 0.0140625 0.07777777777777778
0 0.5859375 0.05277777777777778 0.0140625 0.06388888888888888
1 0.465625 0.027777777777777776 0.0078125 0.05277777777777778
1 0.215625 0.011111111111111112 0.0140625 0.022222222222222223
0 0.56875 0.041666666666666664 0.009375 0.06111111111111111
0 0.4421875 0.030555555555555555 0.0140625 0.058333333333333334
1 0.509375 0.03333333333333333 0.009375 0.05277777777777778
0 0.6828125 0.013888888888888888 0.0203125 0.027777777777777776
1 0.384375 0.022222222222222223 0.009375 0.041666666666666664
0 0.2984375 0.027777777777777776 0.0140625 0.05555555555555555
1 0.4015625 0.011111111111111112 0.009375 0.022222222222222223
1 0.5453125 0.027777777777777776 0.0109375 0.05277777777777778
0 0.534375 0.016666666666666666 0.009375 0.030555555555555555
0 0.6453125 0.025 0.0140625 0.05
1 0.6078125 0.011111111111111112 0.0078125 0.022222222222222223
0 0.575 0.022222222222222223 0.009375 0.041666666666666664
1 0.3734375 0.013888888888888888 0.0109375 0.027777777777777776