0 0.346875 0.4583333333333333 0.0265625 0.08333333333333333
0 0.3625 0.7666666666666667 0.0296875 0.08333333333333333
0 0.1796875 0.9305555555555556 0.0421875 0.10833333333333334
0 0.2453125 0.6527777777777778 0.0484375 0.16666666666666666
0 0.509375 0.65 0.028125 0.11666666666666667
1 0.303125 0.20555555555555555 0.015625 0.06111111111111111
0 0.1171875 0.9 0.0671875 0.14444444444444443
1 0.25625 0.8777777777777778 0.0265625 0.09166666666666666
0 0.4625 0.4027777777777778 0.0203125 0.08611111111111111
0 0.3671875 0.1111111111111111 0.01875 0.05277777777777778
0 0.434375 0.6055555555555555 0.025 0.09444444444444444
0 0.275 0.09722222222222222 0.0203125 0.058333333333333334
1 0.615625 0.20277777777777778 0.0125 0.05555555555555555
1 0.2796875 0.5222222222222223 0.05 0.1111111111111111
1 0.534375 0.22777777777777777 0.0140625 0.03888888888888889
0 0.2953125 0.37222222222222223 0.0328125 0.07777777777777778
0 0.4703125 0.4888888888888889 0.025 0.08888888888888889
0 0.2484375 0.25555555555555554 0.0203125 0.06111111111111111
0 0.45 0.3333333333333333 0.021875 0.041666666666666664
0 0.6234375 0.058333333333333334 0.01875 0.041666666666666664
0 0.103125 0.022222222222222223 0.0484375 0.027777777777777776
0 0.1890625 0.6694444444444444 0.034375 0.10277777777777777
1 0.453125 0.23055555555555557 0.0171875 0.03888888888888889
0 0.4390625 0.5166666666666667 0.025 0.08055555555555556
0 0.3578125 0.6222222222222222 0.028125 0.09444444444444444
0 0.3421875 0.20555555555555555 0.015625 0.07777777777777778
0 0.234375 0.3111111111111111 0.0203125 0.07222222222222222
0 0.1734375 0.8 0.0359375 0.11666666666666667
1 0.5203125 0.16944444444444445 0.0125 0.04722222222222222
0 0.4140625 0.4527777777777778 0.0203125 0.06388888888888888
0 0.5234375 0.8083333333333333 0.0328125 0.13055555555555556
1 0.6828125 0.17222222222222222 0.015625 0.044444444444444446
0 0.7703125 0.5 0.01875 0.07222222222222222
1 0.5046875 0.38055555555555554 0.015625 0.08055555555555556
0 0.6453125 0.016666666666666666 0.0109375 0.03333333333333333
1 0.409375 0.39444444444444443 0.0203125 0.05
1 0.5359375 0.1638888888888889 0.0109375 0.058333333333333334
1 0.5921875 0.12222222222222222 0.009375 0.05277777777777778
1 0.86875 0.4638888888888889 0.0390625 0.08333333333333333
0 0.4015625 0.7138888888888889 0.03125 0.11666666666666667
0 0.5734375 0.5916666666666667 0.040625 0.1111111111111111
1 0.228125 0.8027777777777778 0.0234375 0.07777777777777778
1 0.4328125 0.1111111111111111 0.0140625 0.05555555555555555
1 0.278125 0.18888888888888888 0.0203125 0.06388888888888888
1 0.7265625 0.41388888888888886 0.0265625 0.05277777777777778
0 0.78125 0.4166666666666667 0.0296875 0.07222222222222222
0 0.5984375 0.008333333333333333 0.0203125 0.013888888888888888
0 0.73125 0.49722222222222223 0.021875 0.07777777777777778
1 0.409375 0.525 0.0203125 0.07222222222222222
0 0.25 0.9805555555555555 0.0359375 0.03611111111111111
0 0.4984375 0.23055555555555557 0.025 0.06388888888888888
1 0.5765625 0.125 0.0109375 0.06388888888888888
1 0.3296875 0.14722222222222223 0.0203125 0.06388888888888888
1 0.3109375 0.275 0.0203125 0.05277777777777778
1 0.3015625 0.3111111111111111 0.0140625 0.05277777777777778
1 0.3578125 0.21944444444444444 0.009375 0.03611111111111111
1 0.384375 0.21944444444444444 0.009375 0.03611111111111111
1 0.3671875 0.2361111111111111 0.0140625 0.06666666666666667
1 0.359375 0.2722222222222222 0.0140625 0.06111111111111111
1 0.3796875 0.26666666666666666 0.015625 0.05555555555555555
1 0.3796875 0.3277777777777778 0.03125 0.07222222222222222
1 0.415625 0.24444444444444444 0.0171875 0.05277777777777778
1 0.4046875 0.24722222222222223 0.0125 0.03333333333333333
1 0.4109375 0.2916666666666667 0.0140625 0.041666666666666664
0 0.3984375 0.1111111111111111 0.0203125 0.06388888888888888
0 0.4578125 0.10833333333333334 0.01875 0.05277777777777778
0 0.496875 0.05 0.01875 0.05
0 0.3421875 0.29444444444444445 0.0234375 0.05555555555555555
0 0.3265625 0.9361111111111111 0.046875 0.12222222222222222
1 0.2140625 0.8805555555555555 0.034375 0.06944444444444445
1 0.2 0.9861111111111112 0.025 0.027777777777777776
0 0.340625 0.37222222222222223 0.021875 0.08055555555555556
1 0.43125 0.22777777777777777 0.015625 0.025
1 0.4375 0.2722222222222222 0.0109375 0.07777777777777778
1 0.4546875 0.28888888888888886 0.0125 0.044444444444444446
1 0.4765625 0.30833333333333335 0.0125 0.075
1 0.49375 0.325 0.0125 0.06666666666666667
1 0.49375 0.26666666666666666 0.01875 0.03611111111111111
1 0.521875 0.26666666666666666 0.0140625 0.025
0 0.528125 0.38333333333333336 0.0234375 0.08055555555555556
1 0.553125 0.42777777777777776 0.0203125 0.08333333333333333
1 0.51875 0.3138888888888889 0.0140625 0.05555555555555555
1 0.5546875 0.2972222222222222 0.0125 0.05555555555555555
1 0.575 0.2916666666666667 0.0109375 0.07777777777777778
0 0.5453125 0.35 0.01875 0.07222222222222222
0 0.5765625 0.20833333333333334 0.0125 0.06666666666666667
1 0.5484375 0.21388888888888888 0.0140625 0.06388888888888888
1 0.5875 0.18055555555555555 0.009375 0.03888888888888889
1 0.596875 0.15833333333333333 0.009375 0.03888888888888889
1 0.609375 0.28888888888888886 0.009375 0.06944444444444445
1 0.625 0.3055555555555556 0.0125 0.06388888888888888
1 0.6125 0.38055555555555554 0.0140625 0.07777777777777778
1 0.6265625 0.4083333333333333 0.009375 0.07777777777777778
1 0.646875 0.39444444444444443 0.0109375 0.06111111111111111
1 0.665625 0.4388888888888889 0.0125 0.09166666666666666
1 0.6890625 0.41944444444444445 0.0140625 0.08611111111111111
1 0.7078125 0.4027777777777778 0.0125 0.06944444444444445
1 0.68125 0.22777777777777777 0.0171875 0.05555555555555555
1 0.659375 0.24722222222222223 0.0109375 0.05277777777777778
1 0.6453125 0.24166666666666667 0.0125 0.030555555555555555
1 0.6328125 0.25555555555555554 0.0140625 0.04722222222222222
1 0.646875 0.2722222222222222 0.009375 0.03888888888888889
1 0.6703125 0.275 0.0125 0.044444444444444446
1 0.715625 0.275 0.015625 0.04722222222222222
1 0.6890625 0.275 0.0125 0.05
1 0.659375 0.19166666666666668 0.01875 0.06111111111111111
1 0.6421875 0.13333333333333333 0.0171875 0.05555555555555555
0 0.625 0.10277777777777777 0.0125 0.03611111111111111
0 0.6203125 0.14166666666666666 0.0171875 0.04722222222222222
0 0.6 0.2361111111111111 0.0140625 0.03888888888888889
0 0.6453125 0.3194444444444444 0.009375 0.04722222222222222
0 0.6625 0.3472222222222222 0.0171875 0.05555555555555555
0 0.6984375 0.325 0.01875 0.06944444444444445
0 0.7140625 0.22777777777777777 0.0203125 0.05
0 0.7328125 0.29444444444444445 0.01875 0.044444444444444446
0 0.7375 0.35833333333333334 0.0234375 0.06388888888888888
0 0.76875 0.3388888888888889 0.021875 0.06944444444444445
0 0.746875 0.24444444444444444 0.01875 0.05555555555555555
0 0.7765625 0.2111111111111111 0.015625 0.05555555555555555
0 0.6640625 0.013888888888888888 0.0125 0.025
0 0.6640625 0.05555555555555555 0.015625 0.041666666666666664
0 0.678125 0.08055555555555556 0.01875 0.03611111111111111
0 0.6625 0.10277777777777777 0.0203125 0.041666666666666664
0 0.7546875 0.14444444444444443 0.0140625 0.027777777777777776
1 0.66875 0.14166666666666666 0.0140625 0.041666666666666664
1 0.7296875 0.18611111111111112 0.0125 0.05
1 0.74375 0.18055555555555555 0.0125 0.06111111111111111
1 0.7625 0.25833333333333336 0.0078125 0.06388888888888888
1 0.7875 0.32222222222222224 0.0140625 0.07222222222222222
1 0.8078125 0.31666666666666665 0.015625 0.06111111111111111
1 0.8125 0.39444444444444443 0.0171875 0.075
1 0.83125 0.3888888888888889 0.0140625 0.08055555555555556
0 0.4109375 0.33611111111111114 0.01875 0.041666666666666664
1 0.4546875 0.25555555555555554 0.0125 0.019444444444444445