0 0.228125 0.13333333333333333 0.0203125 0.06388888888888888
1 0.53125 0.1388888888888889 0.01875 0.05555555555555555
0 0.1765625 0.8611111111111112 0.0609375 0.12777777777777777
0 0.259375 0.06111111111111111 0.01875 0.05
1 0.3 0.19166666666666668 0.0140625 0.06944444444444445
0 0.2515625 0.15833333333333333 0.015625 0.06666666666666667
0 0.1046875 0.9222222222222223 0.059375 0.11666666666666667
0 0.3921875 0.06944444444444445 0.0140625 0.05277777777777778
0 0.3546875 0.6638888888888889 0.028125 0.1111111111111111
1 0.371875 0.175 0.015625 0.041666666666666664
1 0.46875 0.5027777777777778 0.028125 0.1111111111111111
1 0.45625 0.016666666666666666 0.0078125 0.030555555555555555
1 0.86875 0.8361111111111111 0.0390625 0.08333333333333333
1 0.4296875 0.05 0.0140625 0.05277777777777778
1 0.340625 0.10555555555555556 0.021875 0.06666666666666667
1 0.434375 0.5083333333333333 0.0203125 0.07777777777777778
0 0.396875 0.8944444444444445 0.0421875 0.14444444444444443
0 0.6515625 0.06944444444444445 0.0125 0.05277777777777778
0 0.5171875 0.027777777777777776 0.015625 0.04722222222222222
0 0.271875 0.019444444444444445 0.021875 0.03611111111111111
1 0.3421875 0.011111111111111112 0.01875 0.019444444444444445
1 0.2953125 0.013888888888888888 0.0078125 0.025
1 0.25 0.008333333333333333 0.0125 0.013888888888888888
1 0.209375 0.011111111111111112 0.0125 0.022222222222222223
0 0.246875 0.03611111111111111 0.0140625 0.044444444444444446
1 0.315625 0.2222222222222222 0.0125 0.06666666666666667
1 0.3953125 0.022222222222222223 0.0140625 0.03888888888888889
1 0.334375 0.23333333333333334 0.015625 0.07777777777777778
1 0.371875 0.225 0.0125 0.05277777777777778
1 0.35 0.25 0.0140625 0.06666666666666667
1 0.634375 0.1111111111111111 0.009375 0.05555555555555555
1 0.575 0.019444444444444445 0.0078125 0.03888888888888889
1 0.5859375 0.044444444444444446 0.009375 0.05555555555555555
1 0.5796875 0.008333333333333333 0.00625 0.008333333333333333
1 0.603125 0.044444444444444446 0.009375 0.058333333333333334
1 0.6296875 0.041666666666666664 0.009375 0.06111111111111111
1 0.6171875 0.03888888888888889 0.0109375 0.05277777777777778
1 0.6078125 0.005555555555555556 0.009375 0.011111111111111112
1 0.64375 0.044444444444444446 0.0078125 0.044444444444444446
1 0.6421875 0.011111111111111112 0.009375 0.016666666666666666
1 0.6546875 0.027777777777777776 0.009375 0.030555555555555555
1 0.76875 0.7805555555555556 0.0265625 0.08888888888888889
1 0.7265625 0.7666666666666667 0.021875 0.07777777777777778
1 0.696875 0.7833333333333333 0.028125 0.09166666666666666
1 0.6328125 0.9611111111111111 0.028125 0.07777777777777778
1 0.771875 0.9916666666666667 0.0265625 0.016666666666666666
1 0.5953125 0.5388888888888889 0.0203125 0.07777777777777778
1 0.6671875 0.03611111111111111 0.00625 0.05
1 0.496875 0.011111111111111112 0.00625 0.019444444444444445