0 0.23380816016782516 0.12153287188104633 0.023035680913749523 0.06493961490861311
1 0.5371699585081512 0.11140836221917942 0.02111798340326061 0.05652545649683939
0 0.2132662427505374 0.8519778772473549 0.06638386182749904 0.13092995583695027
0 0.2619797817435865 0.047694148090017666 0.02088118506293437 0.050969900941283876
1 0.30816954274124864 0.17614825160612485 0.017022479254075584 0.07017187015040736
0 0.2583112526992924 0.1453204957044415 0.018466580083912554 0.06747491745106989
0 0.14399602449412396 0.9168069419667206 0.06434776514684701 0.11973801964739879
0 0.39514747925407556 0.04915734975592362 0.0163120842330974 0.053505203483740695
0 0.3829849016689627 0.6455415960829357 0.03286096680652095 0.11256596252303679
1 0.3793341477202705 0.15576363133120338 0.017400987552445367 0.04247491745106989
1 0.49018024979950725 0.4785302542456812 0.03286096680652086 0.11256596252303694
1 0.4569603950209782 0.0042727921179856135 0.009114890871793336 0.008545584235971227
1 0.9043881502190703 0.791172367498292 0.04261447510489056 0.08535396029434139
1 0.43181868506293436 0.027773103428911452 0.01631208423309758 0.053505203483740674
1 0.34512416846619487 0.08793568845556536 0.024716580083912552 0.06779821776483115
1 0.4560420481398334 0.48586396152692385 0.023627676764564676 0.07882850379750184
0 0.4349995327924937 0.8739148745206027 0.04834425684847723 0.14662672156233295
0 0.6545224792540756 0.03574038673483017 0.014749584233097402 0.05342437840530035
0 0.5183714917016303 0.012519956658671958 0.01763778589277152 0.025039913317343915
0 0.27270379419114116 0.012001105950233112 0.023414189212119307 0.024002211900466225
1 0.34266109668065214 0.0018087958127723741 0.019578794191141214 0.0036175916255447482
1 0.29590449585081513 0.005657505879884418 0.008878092531467274 0.011315011759768836
1 0.25035519751048907 0.0013345327705437727 0.013091995850815153 0.0026690655410875454
1 0.20984859668065212 0.005857481012490181 0.013447193361304243 0.011714962024980362
0 0.2484141892121193 0.023340748717540234 0.0159568867226084 0.04517187015040734
1 0.3250969336130419 0.20589555637727713 0.015341580083912554 0.06731326729418928
1 0.3962596933613042 0.010790817337123325 0.015720088382282338 0.02158163467424665
1 0.344320530293694 0.2160367665471044 0.018940176764564675 0.078586028562181
1 0.38146533278320494 0.20576363133120334 0.014749584233097402 0.053424378405300385
1 0.36065592531467217 0.23189518242936785 0.016904080083912552 0.06739409237262958
1 0.6391109668065209 0.07829612926434038 0.011742983403260432 0.05604050602619749
1 0.5758287941911412 0.0046736613594756 0.009470088382282426 0.0093473227189512
1 0.5878318867226084 0.02107764652121122 0.011742983403260432 0.04215529304242244
1 0.6050193867226084 0.021327553034233893 0.011861382573423462 0.042655106068467785
1 0.6314634875524454 0.01994609542304671 0.011979781743586493 0.03989219084609342
1 0.6188450883822824 0.016817379784195858 0.0131870842330974 0.033634759568391716
1 0.6456443867226083 0.016784398522677404 0.009706886722608488 0.03356879704535481
1 0.6558714917016303 0.004716161462190802 0.010677390871793336 0.009432322924381604
1 0.8020201668158098 0.7407896169629171 0.03035127344521662 0.09026291522237417
1 0.7592406709649946 0.7290830051919169 0.025190176764564677 0.07890932887594222
1 0.7302635659859729 0.7472853483489499 0.03203217261537965 0.09312151807859234
1 0.6737786128764063 0.9283769543427806 0.031440176764564676 0.07923262918970345
1 0.8141435037481995 0.9517390779171475 0.027272895020978183 0.018040693000151955
1 0.6182819390116266 0.5080945340031262 0.023627676764564676 0.07882850379750184
1 0.6687266892121193 0.013380226386987132 0.00838118506293437 0.026760452773974264