0 0.09375 0.9166666666666666 0.04375 0.1638888888888889
0 0.15 0.8972222222222223 0.0578125 0.13055555555555556
0 0.4890625 0.9444444444444444 0.04375 0.10833333333333334
1 0.8953125 0.9361111111111111 0.025 0.08333333333333333
1 0.2765625 0.05 0.0234375 0.07222222222222222
1 0.35625 0.06111111111111111 0.0125 0.06111111111111111
1 0.3734375 0.06111111111111111 0.0203125 0.07222222222222222
1 0.3953125 0.06111111111111111 0.0171875 0.06944444444444445
1 0.4578125 0.044444444444444446 0.0140625 0.06388888888888888
1 0.4765625 0.058333333333333334 0.015625 0.05555555555555555
1 0.421875 0.175 0.0203125 0.06111111111111111
0 0.6359375 0.025 0.0171875 0.05
0 0.35 0.16944444444444445 0.0265625 0.06666666666666667