0 0.13173601411925798 0.9010229237784687 0.07231292069139794 0.1295026431559702
0 0.1553600675636125 0.628935092151968 0.05168217194503919 0.10795496599733194
1 0.49635817445232167 0.1151754096888465 0.01648881802583091 0.05439564909638845
0 0.27823527790931146 0.702665599548242 0.03514788981258565 0.050781539123165784
1 0.5813242078384165 0.16002302592045511 0.01648881802583091 0.054395649096388415
1 0.3111554264973857 0.6173360275602966 0.03050585391920819 0.05307395550536032
1 0.306398415676833 0.2313867035810466 0.019659282132453625 0.057497001137888366
1 0.5873254699126104 0.5266896925871217 0.02287521034569906 0.06337613095716613
0 0.8554389724198929 0.5156281903783361 0.02792642319868044 0.08608371457497144
0 0.2772758346523714 0.9299580159304368 0.048329851411925785 0.09374250284472067
1 0.30569503668480014 0.5696284439424913 0.025954746239076343 0.06092192744311041
0 0.18523909883813633 0.9672453238537618 0.04975595909205777 0.06550935229247633
1 0.40997805674305987 0.26984243206165465 0.018096782132453627 0.05733521400602726
1 0.23398986975432584 0.3819542545850488 0.017914925705962936 0.04622410289491623
1 0.7149958288463836 0.5121784596219513 0.02461956677218957 0.07464902920013812
1 0.23985473950865174 0.7402875879183821 0.029034282132453626 0.05846772392905469
1 0.6302330692794722 0.09853354747334253 0.016397889812585477 0.04884009354083286
1 0.41049018527287434 0.49174108002015476 0.027471782132453625 0.05830593679719366
0 0.2656396526782023 0.9757397962977118 0.043096782132453625 0.04852040740457634
1 0.2342579573761981 0.6842466709672433 0.030642246239076344 0.061407288838693494
0 0.26970004922121243 0.37178646972896445 0.04180706677218975 0.0764286876506099
0 0.3561423514119258 0.12561456782135064 0.018142246239076343 0.06011299178380503
1 0.36170569279472176 0.3702207993976562 0.019341033386094785 0.03805255669344392
0 0.6788524257059629 0.11466005967214667 0.020858069279472247 0.03543656604752717
1 0.6341309590920577 0.14607934395928687 0.017960389812585475 0.04900188067269396
0 0.5763592261808166 0.42849674757373324 0.021767351411925873 0.09099212160308273
1 0.924047883082161 0.8000392405624175 0.043142246239076344 0.0627015858935822
1 0.6601719365265156 0.4981825766734807 0.013091033386094963 0.03740540816599965
1 0.4355403463973609 0.21148170219218165 0.013045569279472247 0.03462763038822187
0 0.39723871285298146 0.06331615371493274 0.016306961599340218 0.04328453798527732
1 0.7393185642649073 0.1874746373495338 0.017642141066226812 0.02955743622824948
1 0.541761602665567 0.12542279206837292 0.013091033386094787 0.03740540816599965
0 0.3408068564264907 0.04638070585682328 0.014426212852981467 0.023678306408971807
1 0.9892516827655919 0.5904912076976377 0.012954641066226813 0.029072074832666318
1 0.7559892387172289 0.25298139755703336 0.017642141066226812 0.02955743622824948
1 0.32125052586424746 0.18578235267743506 0.016397889812585564 0.04884009354083282
1 0.7382107053311341 0.21509062799545048 0.016306961599340218 0.04328453798527726
1 0.6084322771178886 0.19610674049542653 0.008176212852981379 0.02303115788152752
0 0.34425010517284954 0.06614872456498987 0.014698997492717502 0.040344973075638474
0 0.6700062746106062 0.24130532752689698 0.014971782132453626 0.05701163974230512
0 0.28530363182851975 0.7533127480756864 0.03068771034569897 0.06418506661647143
0 0.5758591210079671 0.3979411920181777 0.019341033386094785 0.03805255669344376
1 0.3571833288463836 0.47512920642576745 0.026454851411925783 0.09147748299866597
1 0.3743708288463836 0.4769088648762391 0.0265003155185485 0.09425526077644375
1 0.36234219028743925 0.40910968828654504 0.02301160266556703 0.0717094642904993
1 0.3857342261808166 0.40875871748668324 0.024755959092057724 0.08298236253347145
0 0.42033654671392995 0.42620692327651555 0.03105142319868044 0.08640728883869365
1 0.40991587226160836 0.36134731159646033 0.01975021034569906 0.06305255669344376
0 0.3608873388755135 0.32022079939765613 0.030778638558944315 0.06974062217202691
0 0.3293190901291547 0.29754061231599044 0.02948892319868044 0.08624550170683247
0 0.38851223370266397 0.2925774122155998 0.026363923198680438 0.08592192744311042
0 0.4524838054894186 0.2936551290663479 0.02618206677218975 0.0748108163319993
0 0.456262023356965 0.2385849349063755 0.01818771034569906 0.06289076956158289
0 0.4570516335443794 0.19152449981601435 0.01800585391920819 0.0517796584504717
0 0.4900292695960413 0.3003157980087912 0.02011392319868044 0.08527477891566614
0 0.5081882362099465 0.2661461324800129 0.019977530878812468 0.0769414455823328
0 0.3862390283715299 0.15368852332671087 0.02742631802583091 0.055528159019415886
0 0.3759547462390763 0.09716224497998893 0.015062710345698971 0.06256719529786071
0 0.42838106426490724 0.15527899810918183 0.02154003087881229 0.07710323271419384
0 0.7075182979675713 0.436531311094507 0.024755959092057724 0.08298236253347145
0 0.6421660826073073 0.446402918223009 0.03399456677218975 0.07561975199130459
0 0.6988874440483629 0.3857223754352017 0.03367631802583091 0.056175307546860155
1 0.3867845976510021 0.1870218566600442 0.018324102665567034 0.07122410289491615
1 0.40111988229073814 0.20514460751346048 0.021540030878812465 0.07710323271419384
1 0.34964831050398354 0.20536118771760087 0.032613923198680436 0.08656907597055469
1 0.2954776360516619 0.1359715363454358 0.01657974623907634 0.05995120465194401
1 0.301136602665567 0.10050757376176893 0.021267246239076342 0.06043656604752717
0 0.2851933539192083 0.07944525799871384 0.016534282132453625 0.05717342687416619
0 0.2746195667721897 0.1005349702979086 0.018096782132453627 0.05733521400602726
0 0.2557331744523217 0.09026019138224248 0.01662521034569906 0.06272898242972179
0 0.25675010517284946 0.05708864518077021 0.02425585391920828 0.05242680697791597
1 0.4779551669304743 0.22973884364131933 0.015153638558944315 0.06812275085341624
1 0.4820516335443794 0.19411309392579137 0.015244566772189749 0.07367830640897179
1 0.5128015283715299 0.16679328100745713 0.01818771034569906 0.06289076956158281
1 0.5136653463973608 0.21957105878523495 0.014880853919208192 0.051456084186749566
1 0.5263472028238516 0.23197646695123453 0.015244566772189749 0.07367830640897179
1 0.5370119181841154 0.21644231020759533 0.012165030878812289 0.07613250992302743
1 0.5475402412245114 0.1925748201306228 0.012028638558944316 0.0677991765896941
1 0.5648186694377568 0.19991003413665007 0.010466138558944493 0.06763738945783307
1 0.5312332796251711 0.14929028214534548 0.011983174452321776 0.06502139881191636
0 0.5760744181841155 0.220486988504122 0.01648881802583091 0.05439564909638845
1 0.5848871285298145 0.2824070352745384 0.01698892319868044 0.08495120465194393
1 0.6019382362099465 0.2758533603916768 0.0135456744523216 0.06518318594377742
1 0.612239238717229 0.23809698142581534 0.016534282132453625 0.05717342687416615
1 0.6194607053311341 0.20279480597400962 0.00849446159934022 0.042475602325971966
1 0.6308528463973608 0.23170509367481482 0.011892246239076342 0.05946584325636085
1 0.6180178772761733 0.3052490094880652 0.016852530878812465 0.07661787131861067
1 0.6086883413827959 0.3070560644746766 0.019341033386094962 0.03805255669344392
1 0.6078987311953815 0.3541164995650377 0.015199102665567033 0.07090052863119402
0 0.6376029515702104 0.26290779775781464 0.01506271034569906 0.06256719529786067
1 0.6382849131695506 0.30457446442448133 0.016170569279472247 0.03495120465194393
1 0.6374953029821361 0.35163489951484245 0.012210494985435005 0.07891028770080528
1 0.6547282670887589 0.356192335743092 0.012165030878812289 0.07613250992302735
1 0.6638759465556454 0.34327416964536944 0.010693459092057721 0.08152627834672196
1 0.6791826978092866 0.32544759651953564 0.010829851411925873 0.08985961168005521
1 0.6932451978092866 0.3269036807062852 0.012301423198680439 0.08446584325636085
0 0.6520746285298145 0.2893638819445642 0.015017246239076344 0.0597894175200829
0 0.7020746285298145 0.2945410701641183 0.018551423198680438 0.08511299178380503
1 0.7216884465556455 0.3492602935242289 0.013818459092057723 0.0818498526104441
1 0.7415295851145898 0.41786840577322837 0.025028743731793847 0.09964902920013811
1 0.6874331185006847 0.4483169672692021 0.015290030878812288 0.07645608418674957
1 0.7512515775927424 0.5353440080992004 0.02985263605166182 0.1084677239290547
0 0.7912400801000249 0.5006615846386991 0.040699207838416386 0.10404467829652665
1 0.7330063797834556 0.2783323683568951 0.015380959092057722 0.08201163974230512
1 0.753546200316569 0.2943244899599779 0.014562605172849529 0.03201163974230512
1 0.7526656619159093 0.3358293694947835 0.01680706677218957 0.07384009354083282
1 0.7668190901291547 0.3428410092370886 0.012210494985435005 0.07891028770080528
1 0.7802450926364373 0.3054082045349493 0.013318353919208192 0.05129429705488854
1 0.790074733702664 0.3341567051038935 0.01648881802583091 0.05439564909638845
1 0.7831715158351177 0.38890332500014374 0.019977530878812287 0.0769414455823328
0 0.7096310642649073 0.18440068184417358 0.019704746239076344 0.06027477891566614
1 0.6991936694377567 0.21382372747670167 0.015153638558944494 0.06812275085341624
1 0.688772994985435 0.1489641157966464 0.015108174452321776 0.0653449730756385
1 0.6716764231986805 0.15274001290173023 0.016761602665567032 0.07106231576305512
1 0.6556783163099713 0.7001514187919532 0.04239810015828453 0.112539798761721
1 0.5759406551854849 0.957034500129735 0.04722199247815269 0.08593099974052999
0 0.7531109089464085 0.9243470192813575 0.05741534639736088 0.15130596143728497
1 0.46379704169936503 0.5083529536145421 0.03284124373179385 0.10045796485944357
1 0.4481887620741939 0.41245242498334805 0.029534387305303157 0.08902327948461025
0 0.24302990063313823 0.45776319024435413 0.04069920783841656 0.10404467829652665
0 0.19888744404836295 0.3339504932396609 0.05209134890464338 0.13295496599733195
1 0.25514477038746414 0.8167436721051319 0.05159124373179384 0.10239941044177638
1 0.5153595416993652 0.5136919289659572 0.02672763605166182 0.10814414966533263
1 0.5227963054894186 0.3009355500000958 0.03105142319868044 0.08640728883869357
1 0.4485571719450392 0.14904889749004238 0.013409282132453626 0.0568498526104441
1 0.37118364436493206 0.5680901701473227 0.06073892319868044 0.08948124434405381