1 0.30219769967568844 0.10385078498909503 0.019322744317957153 0.058915168830940584
0 0.47109633523064287 0.8898852914804524 0.03689207386326192 0.09833740692596962
0 0.24986363230524827 0.02164669552365226 0.023710235389503433 0.028505072149786845
1 0.3425772378251354 0.1301114285672441 0.016225017856907442 0.061595974025783796
0 0.5993806168839728 0.2408894444371216 0.028888659090609538 0.07865053102418863
1 0.5450670381494469 0.041921715722077604 0.014526150162155815 0.04765859884542766
1 0.5704338620160041 0.8012732611762237 0.06734323295387146 0.17703642424162544
1 0.7331247767886565 0.7868713910443754 0.03239548863591431 0.1176363924960122
0 0.15053837338008985 0.9049456017296618 0.08245003571381497 0.1247435093785201
0 0.08625768506848712 0.9251798860017257 0.06380912986961632 0.1352727849920244
1 0.4346635519491646 0.3024650504997248 0.024228432629559826 0.08128284992756463
1 0.362862464286185 0.13351952813409637 0.02102161201270878 0.07285254401129677
1 0.38624541720828437 0.13980237806166101 0.022611385551659157 0.07567880808054181
1 0.41623292613673807 0.1101680620439836 0.013181838473758489 0.06983233477618261
1 0.4269522378251354 0.13272968830647672 0.01474433847375849 0.06988082106764987
1 0.3903249910715463 0.04267712842237332 0.01776024431795715 0.058866682539473324