0 0.22594272288211129 0.13333333333333333 0.021358174452321597 0.06388888888888888
1 0.5289767946688659 0.1388888888888889 0.019659282132453625 0.05555555555555555
0 0.16246862694696884 0.8611111111111112 0.06302884890464333 0.12777777777777777
0 0.25837478965430105 0.06111111111111111 0.019568353919208192 0.05
1 0.296862976643035 0.19166666666666668 0.015199102665567033 0.06944444444444445
0 0.24897104592250718 0.15833333333333333 0.016716138558944316 0.06666666666666667
0 0.08959341660126988 0.9222222222222223 0.0612844924781526 0.11666666666666667
0 0.391050897334433 0.06944444444444445 0.01492631802583091 0.05277777777777778
0 0.3438215785171792 0.6638888888888889 0.02994356426490725 0.1111111111111111
1 0.3690107612827711 0.175 0.016306961599340218 0.041666666666666664
1 0.46052099670129476 0.5027777777777778 0.02994356426490725 0.1111111111111111
1 0.45597721536026387 0.016666666666666666 0.00831260517284953 0.030555555555555555
1 0.8550653039065729 0.8361111111111111 0.04042642319868008 0.08333333333333333
1 0.42886914608079174 0.05 0.01492631802583091 0.05277777777777778
1 0.3388973639483381 0.10555555555555556 0.022966138558944315 0.06666666666666667
1 0.4260550684880494 0.5083333333333333 0.021585494985435005 0.07777777777777778
0 0.3822355576674967 0.8944444444444445 0.04455163354437941 0.14444444444444443
0 0.650425897334433 0.06944444444444445 0.01336381802583091 0.05277777777777778
0 0.5167328589337732 0.027777777777777776 0.016397889812585654 0.04722222222222222
0 0.27155675125364126 0.019444444444444445 0.022466033386094784 0.03611111111111111
1 0.34200564357350927 0.011111111111111112 0.019068248746358752 0.019444444444444445
1 0.2950851794668866 0.013888888888888888 0.008221676959604097 0.025
1 0.24986360768013194 0.008333333333333333 0.012727320533113406 0.013888888888888888
1 0.20919314357350927 0.011111111111111112 0.012863712852981468 0.022222222222222223
0 0.24628396661390511 0.03611111111111111 0.014789925705962936 0.044444444444444446
1 0.3119878714701855 0.2222222222222222 0.013591138558944315 0.06666666666666667
1 0.39494878714701853 0.022222222222222223 0.014698997492717502 0.03888888888888889
1 0.3305560150436948 0.23333333333333334 0.016897994985435004 0.07777777777777778
1 0.36819240736356285 0.225 0.01336381802583091 0.05277777777777778
1 0.3459082304039587 0.25 0.015153638558944315 0.06666666666666667
1 0.6325564357350928 0.1111111111111111 0.010284282132453627 0.05555555555555555
1 0.5746817512536413 0.019444444444444445 0.008448997492717502 0.03888888888888889
1 0.585210074294037 0.044444444444444446 0.010284282132453627 0.05555555555555555
1 0.5795511076801321 0.008333333333333333 0.0063863923198681505 0.008333333333333333
1 0.6023975742940371 0.044444444444444446 0.010329746239076343 0.058333333333333334
1 0.6290055384006598 0.041666666666666664 0.010375210345699059 0.06111111111111111
1 0.6165510025072825 0.03888888888888889 0.011801318025830908 0.05277777777777778
1 0.6077215717867547 0.005555555555555556 0.009556856426490689 0.011111111111111112
1 0.6430225742940371 0.044444444444444446 0.008539925705962759 0.044444444444444446
1 0.6420056435735093 0.011111111111111112 0.009647784639735946 0.016666666666666666
1 0.6542328589337731 0.027777777777777776 0.00987510517284953 0.030555555555555555
1 0.7559745860390266 0.7805555555555556 0.02801735141192587 0.08888888888888889
1 0.71401440657214 0.7666666666666667 0.023147994985435006 0.07777777777777778
1 0.684054121932404 0.7833333333333333 0.02962531551854859 0.09166666666666666
1 0.6170819191085524 0.9611111111111111 0.029397994985435005 0.07777777777777778
1 0.7556443139357029 0.9916666666666667 0.026835284639735946 0.016666666666666666
1 0.5864924633151999 0.5388888888888889 0.021585494985435005 0.07777777777777778
1 0.6665964666139053 0.03611111111111111 0.0070683539192081925 0.05
1 0.4966931435735093 0.011111111111111112 0.006568248746358663 0.019444444444444445