1 0.4782269967568844 0.9141797775515964 0.033712526785361165 0.09370371155368515
1 0.4068579261367381 0.07190466434070512 0.016143197240056396 0.05374779915254856
1 0.345148858766298 0.005471740840328634 0.014362508928453721 0.010943481680657268
1 0.36069203814944695 0.013271562417538043 0.011401150162155815 0.026543124835076086
1 0.3733011323052483 0.002442636666593799 0.00964773538950343 0.004885273333187598
1 0.5325943116883973 0.005207168147259566 0.014471603084255236 0.010414336294519133
0 0.6137079439936455 0.01451491866278039 0.016225017856907442 0.02902983732556078
0 0.6465010787345259 0.15696633516923525 0.0194045649348082 0.06783069231639156
0 0.5166851193196048 0.3371427326645778 0.017923885551659247 0.07606702351224787
0 0.31944765503341976 0.22723978190194435 0.025709112012708778 0.07377425642185548
0 0.4637976728903272 0.15720447414294217 0.022584112012708955 0.07358025214690132
0 0.2654340852273476 0.010222632954281585 0.0268897824674041 0.02044526590856317
1 0.21702385876629796 0.009545830614365869 0.020612508928453722 0.019091661228731738
0 0.14119064691904018 0.8879100170244228 0.06090231818121907 0.15924163677968453
0 0.08633950568533814 0.9079717585027873 0.06416368587597074 0.17332452994352757