0 0.13297614123370205 0.033177163931106625 0.03155000892845372 0.03444037844130614
0 0.2702105032431156 0.9599983364268848 0.04481366801906326 0.08000332714623035
0 0.355209245939515 0.574065571875962 0.032095479707460586 0.08999593399686161
0 0.4287795649348082 0.11988874020144959 0.017678423701106283 0.05213665258716284
1 0.2843512751605081 0.5097691648274677 0.04623980032431154 0.10007743762878284
0 0.47830800649282174 0.2370213267854741 0.0194045649348082 0.06899756039811701
0 0.3725524788933864 0.7510079833188374 0.03220457386326192 0.10110704510797304
0 0.4304819813290184 0.6111669245795411 0.024337526785361163 0.09458028383097947
0 0.4712512573036006 0.4719669910308601 0.020830697240056394 0.05530291265351555
0 0.12745025892515843 0.9008734380769634 0.06353639448011292 0.11332520132705655
0 0.34754102191409725 0.4288441628543675 0.020912517856907443 0.06363624598684889
1 0.3049250535707224 0.22101611532511395 0.01776024431795715 0.06046998592049609
0 0.6301238766232055 0.1227236255923186 0.017705697240056394 0.05491443036494061
1 0.5293523092527653 0.19065350676918477 0.01907728246740419 0.03566422706478368
1 0.5439875535707225 0.25073501040110585 0.014607970779006862 0.0573037258541433
0 0.3819591120127089 0.11961706142837929 0.016197744317957154 0.060275744776208624
0 0.48155000892845373 0.09038182799611448 0.016115923701106104 0.051942411442875286
1 0.5210955243497292 0.3033769487923485 0.01905000892845372 0.0328864492870059
1 0.6731023092527653 0.2085236920436374 0.016006829545304767 0.04083130033176414
0 0.44674218100470675 0.5188591327222596 0.02261138555165907 0.07771937602002545
0 0.5140150503210162 0.9838709613032205 0.032095479707460586 0.03225807739355907
1 0.43716480925276524 0.17919327925622056 0.016115923701106104 0.05194241144287525
0 0.3019285129856435 0.3926556141144736 0.028943206168510115 0.0868296739305088
0 0.6646897913958578 0.1464413752110887 0.016061376623205524 0.04638685588731973
0 0.4643739659077428 0.407301137564821 0.020857970779006862 0.05808069043129333
1 0.3118296185055306 0.28845974656893075 0.01937729139585782 0.06621978262033923
1 0.6400988944801129 0.18500018356915487 0.017705697240056394 0.05491443036494061
0 0.28481137662320544 0.0797963327047747 0.016088650162155816 0.04916463366509751
1 0.6971943741875735 0.27810397587461705 0.01597955600635448 0.038053522553986356
0 0.24143529788867957 0.2713855617426586 0.025600017856907444 0.06421896941971157
0 0.7530898181812191 0.24898554595785696 0.022447744317957152 0.061052709353358776
0 0.7543364926931041 0.5349024159246806 0.024146612012708957 0.07513583938653517
0 0.34419783360249456 0.4062334583435702 0.022311376623205436 0.04716382046446989
1 0.7193614748361965 0.46951799963924384 0.018060253246410873 0.09102554147605164
1 0.5275830779204517 0.4872930055585444 0.021021612012708957 0.07474735709796
1 0.2780581850618965 0.8224926068506314 0.0334670649348082 0.07074573069670483
1 0.5217307240254178 0.2091267454921916 0.016170470779006862 0.0574979669984308
1 0.22336277678206592 0.9614456270735262 0.03845457386326192 0.07710874585294758
0 0.3608750446422687 0.19745324096390943 0.01945911201270887 0.07455311595367256
1 0.663220568991998 0.4736364295560038 0.019486385551659068 0.07733089373145043
1 0.2812693652591197 0.1958802759385788 0.016225017856907442 0.06305352255398644
1 0.5506932954530476 0.456873289389524 0.0194045649348082 0.0689975603981171
1 0.187588918015768 0.9759756411530299 0.035002291395857824 0.04804871769394007
1 0.6516091387980701 0.24469320491250093 0.013045470779006862 0.05710948470985579
1 0.4126126428552599 0.5395858275479339 0.017787517856907444 0.06324776369827387
1 0.5197784862002823 0.32818270764806096 0.019186376623205346 0.04677533817589479
1 0.3327500446422687 0.1939569003667339 0.020857970779006772 0.05808069043129341
0 0.26298301542127545 0.24077160442935067 0.02414661201270878 0.07513583938653517
0 0.3936602711033184 0.1987545272161698 0.01935001785690744 0.06344200484256146
0 0.3398182508107789 0.2780671982772174 0.019186376623205437 0.04677533817589479
0 0.3404455422066367 0.3419560871661062 0.025627291395857822 0.06699674719748935
1 0.3092228157455871 0.34084904205813343 0.01945911201270887 0.07455311595367256
1 0.3585137037328782 0.27484253645311213 0.009729556006354478 0.03727655797683632
1 0.3665171185055306 0.2952581866189943 0.011319329545304768 0.04024857689890161
1 0.3637739480508354 0.3337585932193081 0.017732970779006863 0.057692208142718394
1 0.38263304220663674 0.34720059806186954 0.016197744317957154 0.06027574477620858
1 0.38523984496658026 0.29481130257266686 0.014389782467404012 0.03508150363192107
1 0.3958773360381265 0.265615435027124 0.011292056006354478 0.03747079912112383
1 0.40878643912238155 0.30883603084809086 0.01468979139585791 0.06563705918747663
1 0.4082682418823252 0.2560582530703131 0.0112920560063543 0.03747079912112383
1 0.4338682597392326 0.32027722249002466 0.014553423701106105 0.05174817029858774
1 0.4491932508107789 0.29166407837734437 0.011510244317957153 0.05969302134334605
1 0.4565421006486231 0.24541306187655978 0.012827282467404189 0.03488726248763356
1 0.46635347727182863 0.29102295318672944 0.011373876623205348 0.045804132454457164
1 0.46196598620028234 0.3209957853094224 0.016088650162155816 0.04916463366509747
0 0.4545625892845374 0.36169124625465143 0.014635244317957152 0.06008150363192107
0 0.4076875892845374 0.3558640119260255 0.022229556006354477 0.03883048713113656
1 0.48553985389503396 0.33779829136262424 0.014607970779006862 0.0573037258541433
1 0.38167056006354416 0.4081174680286931 0.03508411201270878 0.0764955273965479
1 0.4128660129856435 0.40644673535888814 0.017678423701106106 0.052136652587162755
1 0.5030000892845374 0.36771272172756475 0.020830697240056394 0.05530291265351555
1 0.4956239659077428 0.41118596045057165 0.016306838473758488 0.07138685588731986
0 0.4165637573036006 0.46516855098079646 0.01945911201270878 0.07455311595367264
0 0.2400206225627204 0.6041361716431294 0.04346935633066593 0.13580006645131878
0 0.19122065827653537 0.7201426772481506 0.030805715096963927 0.11757947063035204
0 0.170682061685102 0.8535344123392363 0.026036394480112877 0.10866341386415601
0 0.2052752499967047 0.8800299397357843 0.03837275324641087 0.09355067635178974
1 0.245763882301953 0.8711913205983712 0.03522047970746058 0.09038441628543663
1 0.2542388555165918 0.7806901007974296 0.024201159090609537 0.08069139494209089
0 0.3884695795420095 0.9356778568957259 0.03727390340856669 0.12864428620854812
0 0.49828886444504555 0.8415472748618397 0.03573867694751698 0.1431621940632144
0 0.736751346588138 0.8101550588267205 0.07584547970746058 0.09543468603691249
1 0.5641557775961401 0.3975103485770006 0.014635244317957152 0.06008150363192107
0 0.5404728157455871 0.3695967314126877 0.02099433847375849 0.07196957932018222
0 0.5268194188298422 0.4095152277807666 0.027189791395857733 0.06719098834177702
1 0.5300341477265238 0.2600979512136292 0.014389782467404189 0.03508150363192107
1 0.5271818831160272 0.287487246702832 0.015843188311602675 0.02416463366509747
1 0.5570602978886796 0.31062227288873945 0.009920470779006863 0.05672100242128069
0 0.5850762037328783 0.30300750237480384 0.016225017856907442 0.06305352255398636
0 0.6229386680190633 0.18564130875976984 0.016170470779006862 0.0574979669984308
1 0.577926176947517 0.21056387113098707 0.0147170649348082 0.06841483696525441
1 0.593551176947517 0.21250628257386237 0.006740923701106105 0.05077696457715011
1 0.5925068741875734 0.2650898192073526 0.00967500892845372 0.031721002421280765
1 0.601772780031772 0.2551441549619667 0.009893197240056394 0.05394322464350299
1 0.6158898271096728 0.26244788081611 0.014635244317957152 0.06008150363192107
0 0.6087591655834312 0.3309211195391168 0.01597955600635448 0.038053522553986356
1 0.6062614569792891 0.3944215261394306 0.013236385551659246 0.07655392915430023
1 0.6188978246740409 0.4098643441826198 0.008330697240056395 0.05374898349921548
1 0.6287092012972463 0.45547423549278937 0.0131545649348082 0.0682205958209669
1 0.6472410129856435 0.4355829070020175 0.0147170649348082 0.06841483696525441
1 0.632496674511885 0.3643902922589853 0.01005683847375849 0.0706098913101695
1 0.6411898360381265 0.296111294680266 0.012745461850553141 0.02655392915430023
1 0.6304159772718286 0.31141827333691996 0.009784103084255235 0.04283211353239188
1 0.6446421185055305 0.3298331103021744 0.01126478246740419 0.03469302134334606
1 0.6713682597392326 0.34980187642172905 0.011373876623205348 0.045804132454457164
1 0.6842500892845373 0.39024469446491816 0.008412517856907442 0.06208231683254881
1 0.6868023449665802 0.3322998434201599 0.011482970779006863 0.05691524356556828
1 0.6692057418823252 0.2884965241663304 0.013072744317957153 0.05988726248763356
1 0.6818069277582959 0.4593006566207876 0.016197744317957154 0.06027574477620874
1 0.7020376071414448 0.45349245816319206 0.01167388555165907 0.07635968801001272
1 0.7249023628234876 0.39807274199417164 0.014607970779006862 0.0573037258541433
0 0.7295274074657565 0.5512390020605246 0.019486385551659068 0.07733089373145027
0 0.7616035219140972 0.4803180660905626 0.029960235389503254 0.03146835951924092
0 0.7533273717519415 0.4321246381469028 0.02710797077900686 0.058857655008443525
0 0.6482307686676864 0.3774438148129717 0.011346603084255235 0.04302635467667939
0 0.6655819099013884 0.3962471340668012 0.016061376623205347 0.046386855887319695
0 0.6689409147726524 0.10257965419950682 0.016006829545304767 0.04083130033176418
0 0.6534795560063544 0.1173039094232982 0.014444329545304769 0.04063705918747667
0 0.7244466209411626 0.1927114275829037 0.016115923701106104 0.05194241144287525
1 0.71567163879807 0.2526570918282896 0.013072744317957153 0.05988726248763356
1 0.6750193652591198 0.24482904429903612 0.014335235389503431 0.029525948076365518
1 0.7312420917201694 0.24904394771560937 0.009893197240056394 0.05394322464350299
1 0.7523182508107789 0.329346860369125 0.013100017856907443 0.06266504026541134
0 0.7365023360381265 0.30796000448180527 0.017705697240056394 0.05491443036494061
0 0.7212046185055305 0.33935092637226333 0.017705697240056394 0.054914430364940536
0 0.696640995128736 0.3806875125081073 0.016197744317957154 0.06027574477620858
0 0.8023376160698987 0.49647944695314944 0.03026024431795733 0.06202391507479648
0 0.8139842280826075 0.5700613571853844 0.03042388555165907 0.07869058174146315
1 0.8574069456152035 0.5421667758921019 0.019622753246410697 0.09121978262033931
1 0.7986944188298422 0.44331318688679666 0.014553423701106283 0.05174817029858774
1 0.8206239659077429 0.4515881184623777 0.0191045560063543 0.038442004842561536
1 0.8170898628234877 0.40953296950713597 0.017514782467404188 0.03546998592049609
1 0.8363307865245939 0.46186386323858625 0.014471603084255236 0.0434148369652544
1 0.777890995128736 0.3907880520110588 0.013263659090609536 0.07933170693207801
1 0.7950239480508353 0.38736914904266606 0.013045470779006862 0.05710948470985579