0 0.25491299307991777 0.03977086688732408 0.01658000494291585 0.04279852437678918
0 0.5387415760465423 0.7235947544085273 0.029462006920082117 0.060370677211554064
1 0.3021408201522243 0.08903988576372207 0.018588173916276585 0.062356154592245895
1 0.5282152529285685 0.6383891294655142 0.02308467292769336 0.05436237857194928
1 0.5473551610646954 0.015141083837102706 0.016643671939110406 0.030282167674205412
1 0.40545682114080756 0.07323629154358012 0.01658000494291585 0.04279852437678918
0 0.2713656640304449 0.01202017301274865 0.019705004942915848 0.0240403460254973
1 0.43292129346047864 0.3041927236856562 0.009884335969555024 0.022901336848295747
1 0.33731431619789165 0.11976994636377361 0.015144838935304605 0.04824089416133247
1 0.6930125819780414 0.6625025488493267 0.03622134288963732 0.08304564251782504
1 0.37675881817505796 0.10027363542180065 0.013200336958138336 0.03146104172365358
0 0.5480608152093085 0.11282320061045298 0.023275673916276673 0.06269571190528261
0 0.38466416007611215 0.027598670115529425 0.021203837946721472 0.040360303912048166
1 0.33607015117886363 0.10599424324589697 0.01345500494291585 0.04257215283476468
1 0.35188615216744673 0.09652905220244112 0.01001166996194396 0.0284568924038513
1 0.37637681619789165 0.11694030208846733 0.015144838935304605 0.04824089416133247
1 0.42867946243383936 0.2850878365542485 0.013327670950527093 0.03701659727920909
0 0.13782106319496107 0.8607904593499849 0.06641817885919252 0.10741839438928007
1 0.427371630418617 0.2740899112141496 0.013136669961943782 0.028683263945875757
1 0.7923493260837234 0.010479260364813753 0.019514003954332716 0.020958520729627506
0 0.5484428171864748 0.09615653394378632 0.021012836958138336 0.032026970578714835
1 0.3558733152093085 0.1267450504449599 0.015081171939110228 0.04546311638355473
0 0.3823031640304449 0.0044449665913323085 0.014699169961943958 0.008889933182664617
1 0.3024591551331963 0.07515099687483318 0.015081171939110228 0.04546311638355469