0 0.20422500372405367 0.7217753471163674 0.040410984284234265 0.11305091299367878
0 0.693274811001036 0.04181061787183449 0.020132717535011224 0.05374767871906165
0 0.2377224003332315 0.8726133230115773 0.04211903349844599 0.11868729362767473
0 0.2163697468996281 0.49645204680260596 0.04135705417661049 0.1491620241047899
0 0.35193906575854694 0.6225919481547507 0.029255160462916763 0.10415180411126322
1 0.7619477282883782 0.1603148864858019 0.021476893713693813 0.04549517046416863
1 0.5549656741117678 0.31804436890526594 0.018351893713693813 0.04533352030728805
1 0.512568466501554 0.08999439078136043 0.01559076674922295 0.05906075903929625
0 0.3565367903228716 0.08974356529205928 0.03136131596343468 0.06542456537925503
1 0.26037661207727447 0.4248253252402729 0.0479323858558109 0.10234392727476928
0 0.7205265157157656 0.07368909979324202 0.02162244292790554 0.051050726019724185
0 0.4298543581483331 0.38831843899094026 0.027256012820281582 0.08740431236615633
0 0.08728575269059635 0.8970391972085149 0.07097177956950458 0.14791992281737848
0 0.259987122002072 0.14189611729914114 0.02176799214211709 0.05660628157527978
0 0.38938783167920044 0.028333784874725158 0.02027826674922295 0.056667569749450315
1 0.295924622002072 0.14003714049501376 0.015081344499481997 0.039616314594851806
1 0.6430179458233896 0.11376063974792892 0.0168621683207995 0.04803047300662545
1 0.3039169044670607 0.19232996780214956 0.01649829528527027 0.03414158411773656
0 0.3260016120772745 0.4214306719457794 0.034704639784752266 0.07391954886946905
1 0.4533004743594368 0.14854047423920788 0.01806079528527036 0.03422240919617686
0 0.3261514693970381 0.29659232210265996 0.027110463606069855 0.08184875681060069
1 0.292868088503626 0.2567038071616804 0.02340326674922304 0.059464884431497785
0 0.2843620756833444 0.3431382185865528 0.03179796360606986 0.0820912320459217
1 0.5142379743594369 0.14538829618003532 0.013227746071058633 0.028424378405300387
1 0.18873693672716163 0.9555936309203426 0.03917381596343468 0.06582869077145656
1 0.5362841406133219 0.43551928635633586 0.020787688998963993 0.07874767871906162
0 0.4619776534336034 0.3533686040888005 0.019225188998963992 0.0786668536406213
1 0.7725898217544029 0.2901430163353946 0.023476041356328813 0.06224266220927564
0 0.4068491976854164 0.49214694278844223 0.028600188998963993 0.07915180411126323
0 0.6305950285360472 0.006057206534157822 0.013518844499482086 0.012114413068315644
1 0.3727739123249435 0.24424839482789062 0.011665246071058632 0.02834355332686
1 0.528737122002072 0.12799420380740575 0.017298815963434678 0.06469713967329212
1 0.2796831918944481 0.10481510524674616 0.018133569892376133 0.037000186973954644
0 0.037063352357364854 0.015669128178071014 0.05236302067816443 0.03133825635614203
1 0.2486299751880064 0.6945122449200383 0.029036836641599173 0.09581847077792989
1 0.7128894900752025 0.2460729721723449 0.018351893713693813 0.045333520307287975
1 0.4649271790741665 0.18122720694501865 0.01493579528527036 0.03406075903929625
0 0.24058215053811924 0.16786601824042502 0.01871576674922295 0.05922240919617686
0 0.13935767494033735 0.8749275251755398 0.044045406533975304 0.132657007595004
1 0.16919072415454908 0.8678362931296183 0.0401198858558109 0.10193980188256799
1 0.20149380190480803 0.8855834109268159 0.04488016046291676 0.10496005489566629
1 0.2727566799027361 0.7265523769983264 0.035577935070022625 0.1072528822028024
1 0.23267533540325408 0.7674618928482235 0.03008991439185813 0.07645485141192568
0 0.42256828122664364 0.9046618053438457 0.06137845574818694 0.13910163901340317
1 0.36295795657675656 0.380682806252763 0.05218323821317572 0.08591973584342362
1 0.3979493866843804 0.4149349405597467 0.018861315963434766 0.0647779647517325
0 0.4043107026478151 0.3508035764355369 0.026601041356328813 0.06240431236615633
1 0.34937064557572056 0.30371327925938846 0.01893409057054054 0.0675557425295102
1 0.36953759636150885 0.3082181087952198 0.023767139784752266 0.07335377332038676
1 0.35126278536047284 0.23149105703716624 0.019768844499481998 0.03985878983017273
1 0.3518792154680967 0.26752134306983705 0.019006865177646402 0.07033352030728797
1 0.3994434201828264 0.2983490989715204 0.01893409057054054 0.06755574252951027
1 0.4221917154680967 0.26388421454002253 0.020569365177646404 0.07041434538572829
0 0.39911808850362596 0.2512077018277385 0.02027826674922304 0.05930323427461717
1 0.3972302568244256 0.20414712976239693 0.01700771753501131 0.053586028562181004
1 0.3981763267168017 0.1680360186512858 0.013664393713693723 0.04509104507196701
1 0.38665662985995486 0.1908240164225903 0.012611315963434677 0.06445466443797111
0 0.37183215053811924 0.16107671165143794 0.022059090570540542 0.06771739268639085
0 0.34675937593101336 0.16514769068426088 0.025038541356328815 0.062323487287715945
0 0.33436638378889627 0.22126902178889868 0.02049659057054054 0.0676365676079505
1 0.32866434739496614 0.14111759162554474 0.022422963606069858 0.08160628157527974
0 0.4397430885036259 0.24910624978829013 0.014319365177646403 0.07009104507196705
1 0.4805821042193917 0.3579542587030722 0.019297963606069855 0.08144463141839917
1 0.4879964979330854 0.31318651394486646 0.01737159057054054 0.06747491745106989
1 0.5252053995046619 0.3223578231734099 0.02115156203449331 0.0926365676079505
0 0.513724244004144 0.28411553491204355 0.016172963606069856 0.08128298126151848
1 0.5273158631107318 0.24180226761785434 0.012684090570540717 0.0672324422157489
1 0.484002510753367 0.22739870314751667 0.01758991439185813 0.07580825078440322
1 0.5043877853604728 0.2235701993500147 0.015954639784752266 0.07294964792818506
1 0.5158347076102139 0.203559979356488 0.012756865177646404 0.07001021999352666
1 0.5101669044670607 0.18166105744802705 0.015445217535011223 0.05350520348374062
1 0.5940281741117678 0.3160237419442579 0.02405823821317572 0.08446488443149786
0 0.6005350392894142 0.24633682226449255 0.017080492142117265 0.05636380633995878
1 0.6135059201828265 0.2872760632251963 0.012975188998963993 0.07834355332686001
1 0.6220076248975561 0.3201244460878877 0.014392139784752445 0.07286882284974483
1 0.6420290264691327 0.3301848311792746 0.017881012820281584 0.08691936189551433
1 0.6398500963615088 0.29423537022504415 0.01580909057054054 0.06739409237262958
0 0.6379622646823083 0.24717479815970256 0.012611315963434677 0.06445466443797111
1 0.6213569615391552 0.22584165180032387 0.012538541356328814 0.06167688666019334
1 0.631386933003108 0.20035670132968195 0.012320217535011224 0.05334355332686
1 0.6163441298599548 0.17894272989186297 0.01402826674922295 0.05897993396085594
1 0.6258646790741665 0.17290222386566548 0.010757717535011225 0.0532627282484197
1 0.5878552568244256 0.19428647019267764 0.017371590570540718 0.06747491745106989
1 0.5961044044670607 0.17721567813380937 0.01580909057054054 0.06739409237262958
1 0.5247045934660247 0.10323667904272672 0.013955492142117087 0.056202156183078125
1 0.5723415727878602 0.1312866571666323 0.015954639784752266 0.07294964792818513
1 0.5880393473949661 0.1277006286044513 0.014101041356328992 0.06175771173863368
1 0.6052268473949661 0.12681155274160774 0.01566354135632899 0.061838536817074026
1 0.6513741013239075 0.15216457816617585 0.011194365177646404 0.06992939491508636
0 0.6726326712162838 0.11500274103534057 0.01559076674922295 0.05906075903929625
1 0.6776455028954842 0.1619016629438015 0.019006865177646402 0.07033352030728797
1 0.6630008060386372 0.1848513108719866 0.012538541356328814 0.06167688666019334
0 0.6529322932183557 0.27136654737529936 0.014173815963434677 0.0645354895164115
1 0.6629237233259795 0.30691188293732824 0.011412688998963994 0.07826272824841977
1 0.6740795471472971 0.2980127740549126 0.01133991439185813 0.07548495047064192
1 0.6878509487188736 0.3083964594600609 0.01312073821317572 0.08389910888241556
1 0.6988612233259796 0.3050529061332008 0.01312073821317572 0.08389910888241556
1 0.7225170471472971 0.29550719662326264 0.02362159057054054 0.06779821776483111
0 0.7091779851128038 0.3877396388390116 0.028672963606069857 0.08192958188904101
0 0.7253851819696507 0.36470916583238605 0.026892139784752446 0.07351542347726744
0 0.775273866006216 0.4259308271327444 0.044734611248705036 0.09940449934011089
0 0.7769476819696506 0.3620419382438555 0.050329639784752266 0.07472779965387227
0 0.8220375500427813 0.4873141385899833 0.043099336641599 0.09654589648389289
0 0.8869005707209456 0.4534447548183746 0.06682793507002245 0.10886938377160883
1 0.8209887803980742 0.3486677249364154 0.03187073821317554 0.0848690098236994
1 0.7926112233259796 0.3002034014267814 0.01468323821317572 0.08397993396085594
1 0.8069648217544028 0.2883648646097075 0.01297518899896417 0.07834355332686001
1 0.7969006170396733 0.2555973068254564 0.012611315963434677 0.06445466443797111
1 0.752243088503626 0.23294123410022574 0.014610463606069856 0.08120215618307816
1 0.7634716869320494 0.22126434744003237 0.009631865177646404 0.06984856983664606
0 0.7837841869320494 0.2202136214203082 0.020423815963434677 0.06485878983017272
1 0.728771355252849 0.17590110202193757 0.01780823821317572 0.08414158411773656
0 0.7169991013239075 0.14876992487168236 0.017371590570540718 0.06747491745106989
1 0.6962884950376014 0.1054570315254024 0.017444365177646404 0.07025269522884767
1 0.712059044251813 0.09909322518544364 0.014173815963434677 0.06453548951641146
0 0.6629708808934122 0.01564541614681119 0.015299668320799497 0.03129083229362238
1 0.6351712125726126 0.055912256885237516 0.018642992142117086 0.05644463141839909
1 0.6295034094294595 0.034013334976776576 0.01337329528527036 0.033979933960855906
1 0.45595028536047283 0.22607577678166468 0.017226041356328815 0.061919361895514335
1 0.44773967907416656 0.18211628280786216 0.01871576674922295 0.05922240919617694
1 0.43371572043049544 0.12181342248115427 0.01566354135632899 0.061838536817074026
0 0.4485787411086598 0.09053044121963583 0.029653266749222952 0.059788184745259126
0 0.40708475392894145 0.0168589609106326 0.026382717535011223 0.0337179218212652
0 0.9407061592245718 0.7225147989814241 0.08103598428423453 0.11515236503312723
0 0.16516250372405367 0.7237959740773754 0.03786818114108117 0.13511148505902054