0 0.08466791152953679 0.9308201282486247 0.05122730925276531 0.1281040683992665
0 0.14916678815274223 0.8903527714407403 0.06386367694751698 0.142768974387972
0 0.5501442759745823 0.17868619897385263 0.02250229139585791 0.06524691881356798
0 0.2510715762988939 0.0656173441338094 0.014580697240056395 0.05365079701507148
0 0.19983635876629796 0.029082940263732527 0.03936250892845372 0.03298060899248248
0 0.2716568116883973 0.03910059414323363 0.019186376623205437 0.045608470094169365
1 0.30515905844198643 0.1301235300566182 0.019322744317957153 0.059497358983058274
1 0.3839931704546952 0.06275141470824984 0.013045470779006774 0.056331572655372184
1 0.33928859659143334 0.15725757708111388 0.013127291395857821 0.06466490598870551
1 0.3548317759745823 0.166560931789218 0.01474433847375849 0.07031746368173815
1 0.37665222889668165 0.17347451726945265 0.011646612012708868 0.07290123718456178
1 0.40674883198093675 0.13365089121485044 0.011455697240056396 0.053456792740117325
1 0.5480011233767945 0.07849219469889848 0.011455697240056396 0.053456792740117304
1 0.5635988498378441 0.08223999385144702 0.009947744317957152 0.058915346158195804
1 0.4327737694817605 0.34928581857832675 0.01943183847375849 0.07060847009416939
1 0.5397838798729117 0.7561729703391992 0.0388091298696164 0.1356613846327832
1 0.6993225211066136 0.7494005216951944 0.03505683847375849 0.07157849146894016
1 0.4158783701303837 0.1592329040397129 0.009920470779006863 0.05613756838041802