0 0.30354645472626995 0.7743819827427911 0.03477498933799979 0.06182220326755517
0 0.07963624005408843 0.7067818595374553 0.08184998400699968 0.09334742994553456
0 0.6815954453373634 0.03868522413188635 0.015861357336090797 0.03643433481858568
0 0.1304692973424541 0.11676168767240548 0.030014764003817973 0.05061412504420169
0 0.1521090346912716 0.3191192746304663 0.04745680267345422 0.08985856001131265
0 0.37351460407381476 0.9590709095410141 0.03324885200509069 0.0673454364523631
0 0.5017123294079966 0.9675315862508338 0.022147720003181704 0.042119179857130956
0 0.44064756007317846 0.9493477142655403 0.03637385200509069 0.06741008119385836
1 0.6592884720719058 0.9281559156942295 0.034865896005727134 0.07571109215644406
0 0.2895352146721816 0.06624258363394261 0.02685340133672707 0.04499392474715123
1 0.17358732940799657 0.9743192841077998 0.03310340133672711 0.04512321423014087
0 0.9807976560311804 0.8297985182828392 0.03840468793763918 0.06750704830610062
0 0.19398964139081554 0.7488667709173354 0.06633407200827231 0.10969087290472651
0 0.032797602721179306 0.7133070862154347 0.025345445337363447 0.05329493570973701
0 0.4679329346753633 0.10422450003539913 0.017605670671545327 0.06424443496711092
1 0.8532021040738147 0.9491479417215447 0.028506808004454598 0.05891513600678751
0 0.3708397586728179 0.07289515368840815 0.015952264003817974 0.05032322370747458
0 0.3329623294079965 0.9710224022915592 0.025272720003181703 0.0421838245986259
1 0.8969702854073602 0.9510206931183938 0.0347568080044546 0.0590444254897774
0 0.5831034013367271 0.03238820015564284 0.015897720003181702 0.041989890374141234
1 0.5967702907383604 0.92667103274635 0.023728401336727246 0.04492928000565636
0 0.7236600547421783 0.9740529207158058 0.03920795066836362 0.02303028149090854
1 0.9800621330362711 0.9547985182828392 0.0398757339274578 0.05093734875167621
1 0.5720248294079966 0.9660770795671981 0.022147720003181704 0.042119179857130956
0 0.01579301074154201 0.9803616213310707 0.018986357336090783 0.036498979560080774
1 0.7889214280712695 0.9171398255888571 0.03958975867281787 0.08136361482424187
0 0.38626476400381804 0.04201637442537803 0.02074885200509069 0.06708685748638361
0 0.4173874946689999 0.02561879995050733 0.01444430800445442 0.05123759990101466
0 0.44393181333545445 0.0232849682438812 0.01911362667090888 0.0465699364877624
1 0.46580681333545443 0.022323864240770232 0.011282945337363515 0.044647728481540465
0 0.47830681333545444 0.021500130313335957 0.011264764003817974 0.043000260626671914
1 0.49393181333545444 0.022016801718669387 0.008157945337363515 0.044033603437338774
1 0.5111193133354545 0.021144584235113926 0.008139764003817973 0.04228916847022785
1 0.5283249946689998 0.023058225122023105 0.009720445337363515 0.04611645024404621
1 0.5470386320019089 0.01939206867531614 0.009702264003817972 0.03878413735063228
0 0.5658249946689999 0.023380962302871792 0.012863626670908878 0.046761924605743584
0 0.6642261320019089 0.018179979772286487 0.009702264003817972 0.036359959544572974
0 0.6454943133354545 0.019787044663720717 0.014389764003817973 0.039574089327441435
1 0.6095579080203627 0.25409326444590574 0.01775112133990877 0.08646665718933313
0 0.05716235073199699 0.8544889173208895 0.07262043467536324 0.11537571794327195
0 0.07812937873963301 0.9540687265011725 0.06460794000636334 0.0846585505339792
1 0.8527657520687242 0.8824812750548781 0.0441318080044546 0.05923835971426222
1 0.9089975707351787 0.8785398919301918 0.03170453333863606 0.07009089185939356
1 0.9449168894016331 0.8750186996252226 0.028579533338636054 0.07002624711789862