0 0.10912484006999676 0.9134665714298267 0.08699201734563582 0.16377785714181087
0 0.4214248454009969 0.873213757580817 0.0817954400063634 0.08585462048963122
0 0.26609990404199807 0.5418543030334985 0.04286020934118149 0.10408690764739421
0 0.22282261871417966 0.6154341414168043 0.04127952800763594 0.1012606435781491
0 0.21737150270527095 0.49891293362453937 0.036519302673454226 0.09000407359263612
0 0.32387604137490716 0.5345047546936539 0.039771572008272395 0.10954549062001509
0 0.35536130402608973 0.3307087647950634 0.028724984006999677 0.09253941991307751
0 0.3047795013526355 0.2433714372331272 0.036464758672817864 0.0816707402593028
0 0.21302835335772619 0.31289879509636287 0.036464758672817864 0.0816707402593028
0 0.3063420013526355 0.24332295094165993 0.036464758672817864 0.0816707402593028
0 0.29494996801399936 0.17421791053748636 0.027017033338636143 0.07026871139938808
0 0.2212397480108177 0.13483009956978145 0.022329533338636142 0.07012325252498626
0 0.26627952800763605 0.09175733045056392 0.028579533338636054 0.07031719769085534
0 0.2394988520050907 0.05924826407217419 0.02543635200509069 0.067442447330143
0 0.283139764003818 0.04122398124442394 0.019131808004454333 0.058915168830940584
0 0.42994203866963626 0.028200816019874262 0.019149989337999784 0.056401632039748524
0 0.3933511053469084 0.16560771861949272 0.027035214672181597 0.07304648917716582
0 0.36413632001909 0.23875118037959311 0.027089758672817866 0.08137982251049915
0 0.6329579506683636 0.012524963928768009 0.015915901336727246 0.025049927857536018
0 0.890302114735815 0.8781123145850801 0.07267497867599956 0.1244525916297167
0 0.9497498400699967 0.887380946620435 0.05243520401018138 0.13493338095175317
0 0.10790340666772721 0.012434300144870757 0.02830681333545444 0.024868600289741513
0 0.1938227253341818 0.007628704907298579 0.028252269334818125 0.015257409814597158
0 0.2266534066677272 0.00990949819753683 0.029851132001908986 0.01981899639507366
0 0.2970022693348181 0.015056435066656413 0.028379538669636162 0.030112870133312826
0 0.32983295066836354 0.016570054475249313 0.020585220003181703 0.033140108950498626
0 0.7419533320337257 0.41873265080264743 0.031959072008272214 0.10930305916267871
0 0.6615374840069996 0.07115696537601102 0.012863626670908878 0.05594344588729372
0 0.644204533338636 0.04946809235992876 0.012881808004454242 0.0587212236650715
0 0.6680602040101814 0.11262968687680858 0.01756930800445424 0.058866682539473324
0 0.6704397693348181 0.009141107507649342 0.012754538669636162 0.018282215015298683
0 0.6532522693348181 0.008737580812008523 0.015861357336090797 0.017475161624017046
0 0.03063292934436313 0.14352320490656628 0.05824885200509068 0.06846065945095571
1 0.25167158800127265 0.01217816991490826 0.014262494668999893 0.02435633982981652
1 0.2688954506683635 0.017454929294527008 0.012772720003181703 0.034909858589054016
1 0.31121022000318166 0.032017894664679726 0.014426126670908878 0.05599193217876099
1 0.3068499840069997 0.08216335353908154 0.017551126670908877 0.05608890476169554
1 0.2531806386855446 0.23941592929599156 0.02712612133990877 0.08693537806605478
1 0.32033506007317847 0.9485875887484119 0.07242044000636341 0.08556370274082781
1 0.38959304272754264 0.7852945945212735 0.02412839067472685 0.10628284992756455
1 0.35830668006045174 0.7807087647950633 0.028779528007635946 0.10087275324641086
1 0.3300725920591791 0.7649148513748075 0.027271572008272394 0.109157600288277
1 0.35732488804899776 0.6307087647950633 0.02400112133990877 0.0868384054831201
1 0.3884839813812705 0.6158501500768291 0.022529528007636034 0.1006788080805418
1 0.35063853604390705 0.5642360432942659 0.02705339600572696 0.07582426695494367
1 0.29992946403563475 0.4574542712878852 0.023964758672817867 0.08128284992756454
1 0.27950787603436206 0.441417926410293 0.024019302673454222 0.08961618326089787
1 0.2791987933640895 0.39419570418807076 0.022329533338636142 0.07012325252498626
1 0.3277272000318167 0.4065815180414743 0.020785214672181595 0.07285254401129669
1 0.2930976613621805 0.36875932756486535 0.02400112133990877 0.0868384054831201
1 0.32572834802672607 0.3399633376662749 0.023982940006363408 0.08406062770534241
1 0.3970033640197264 0.24606630159211373 0.027162484006999676 0.09249093362161034
1 0.4136090613462722 0.1566440634970849 0.016079533338636053 0.06992930735911713
1 0.4257090720082724 0.09514506205423562 0.016079533338636053 0.06992930735911713
1 0.4679329346753633 0.09939148774017485 0.017696577339272324 0.07831112698391772
1 0.4880090773392725 0.06265005483998921 0.012845445337363514 0.053165668109515944
0 0.506540901336727 0.029071992066525817 0.016006808004454243 0.058143984133051635
1 0.5269988520050907 0.05032678644219632 0.012899989337999785 0.061499001442849276
1 0.5441136266709089 0.03868232612494522 0.012918170671545326 0.06427677922062705
1 0.5582306706715452 0.046579282835073114 0.011319308004454243 0.05867273737360424
1 0.5676602146721816 0.054621698419602814 0.011301126670908879 0.05589495959582646
1 0.5753090826702726 0.02937926696226647 0.012881808004454242 0.0587212236650715
1 0.548601132001909 0.015868940840250388 0.009684082670272608 0.031737881680500776
1 0.5299056760025453 0.018949757939698608 0.011210220003181703 0.037899515879397216
1 0.49702045066836353 0.013891186871682584 0.009647720003181703 0.027782373743365167
1 0.5266352253341818 0.003013900436076843 0.009520450668363623 0.006027800872153686
1 0.5422602253341818 0.0027472258330068513 0.006395450668363623 0.0054944516660137025
1 0.6004181706715452 0.04527015296545679 0.009738626670908879 0.05584647330435918
1 0.6097931706715453 0.044979235216653174 0.00817612667090888 0.05579798701289192
1 0.6189863573360908 0.02102799928223679 0.009702264003817972 0.04205599856447358
1 0.6254363520050907 0.04727215007975824 0.009738626670908879 0.05584647330435918
1 0.6349022586728179 0.0608701212198435 0.011319308004454243 0.05867273737360424
1 0.6424056760025453 0.015120918113543519 0.011155676002545434 0.030241836227087038
1 0.6533613573360908 0.02118909452054125 0.009720445337363515 0.0423781890410825
1 0.6814318133354544 0.017292617247980407 0.011301126670908879 0.034585234495960814
1 0.7020715773392725 0.056007432908973066 0.014444308004454242 0.05876970995653878
1 0.705342028007636 0.07813268254826075 0.011264764003817974 0.0503394040402709
1 0.684993165340545 0.07320744878177972 0.014480670671545326 0.06432526551209432
1 0.5960942973424541 0.10097116739541416 0.011337489337999784 0.061450515151382015
1 0.6039977040101814 0.1146176248269667 0.012881808004454242 0.0587212236650715
1 0.6163522533418178 0.0920075122730063 0.011155676002545434 0.03367273737360424
1 0.6259090666772723 0.11949437230198046 0.012954533338636054 0.06983233477618261
1 0.615044292011454 0.13094488745336247 0.01449885200509069 0.0671030432898721
1 0.6368283853437268 0.11637719048393179 0.011410214672181595 0.07256162626249313
1 0.6477658853437267 0.11603778644366089 0.014553396005727137 0.07543637662320543
1 0.6914977040101814 0.11190239250479952 0.017660214672181596 0.07275557142836217
1 0.6995101986791813 0.14221551660301873 0.020712489337999785 0.06174143290018562
1 0.7087215666772723 0.11692459885421509 0.009811352005090512 0.06695758441547031
1 0.7227840666772722 0.11648822223100964 0.012899989337999785 0.061499001442849276
1 0.7179511160089087 0.09441145888318925 0.012881808004454242 0.0587212236650715
1 0.7877192706874536 0.24783361761418488 0.016079533338636053 0.06992930735911713
1 0.47703630935708985 0.29637127850506073 0.02074885200509069 0.06729698845574114
1 0.5053453120623608 0.80115105339714 0.030214758672817865 0.08147679509343358
1 0.4951521520528157 0.6764419711459436 0.023964758672817867 0.08128284992756454
1 0.5390828707033619 0.4639247575822816 0.02556362133990877 0.08688689177458744
1 0.6229487933640895 0.38352872006527117 0.017787484006999678 0.09220001587280661
1 0.6416624306969986 0.37739132901210837 0.017732940006363405 0.08386668253947328
1 0.6577056013685438 0.44079535498632455 0.016152258672817867 0.08104041847022832
1 0.7046169640356347 0.444896321797862 0.022456802673454134 0.0895676969694307
1 0.7283271840388164 0.48583569409251953 0.024037484006999676 0.09239396103867566
1 0.6461873933799979 0.5911832453180627 0.03183180267345413 0.08985861471823427
1 0.6902282947167249 0.6342700736014235 0.025581802673454133 0.08966466955236523
1 0.6722055480585427 0.7459630202101419 0.041170440006363405 0.08459397691148228
1 0.7079975973901792 0.7226256132841725 0.027107940006363407 0.084157600288277
1 0.720770317393361 0.763904389619101 0.03815452800763595 0.10116367099521426
1 0.6228055320655425 0.8391812482037613 0.025545440006363405 0.08410911399680983
1 0.35350680800445433 0.04737543146173007 0.012863626670908878 0.05594344588729374
1 0.36124658267027254 0.03602188889328261 0.011301126670908879 0.05589495959582645
1 0.387827264003818 0.03797539971611678 0.012899989337999785 0.061499001442849276
1 0.4204397693348181 0.012313444807719768 0.011173857336090798 0.024626889615439535