1 0.19375 0.8944444444444445 0.0390625 0.10277777777777777
1 0.18125 0.9666666666666667 0.05 0.06388888888888888
1 0.3828125 0.022222222222222223 0.0109375 0.041666666666666664
1 0.39375 0.022222222222222223 0.0078125 0.041666666666666664
1 0.4046875 0.025 0.009375 0.04722222222222222
1 0.415625 0.022222222222222223 0.0109375 0.041666666666666664
1 0.4359375 0.008333333333333333 0.0125 0.016666666666666666
1 0.4625 0.03333333333333333 0.0078125 0.04722222222222222
1 0.4921875 0.04722222222222222 0.009375 0.05555555555555555
1 0.5109375 0.044444444444444446 0.0109375 0.05555555555555555
1 0.5234375 0.058333333333333334 0.009375 0.05
1 0.6078125 0.2222222222222222 0.015625 0.075
1 0.6046875 0.011111111111111112 0.0046875 0.022222222222222223
1 0.6234375 0.022222222222222223 0.0078125 0.044444444444444446
1 0.634375 0.022222222222222223 0.009375 0.044444444444444446
0 0.5984375 0.08888888888888889 0.0203125 0.06388888888888888
0 0.66875 0.07222222222222222 0.015625 0.06111111111111111
0 0.7203125 0.12777777777777777 0.0265625 0.06944444444444445
0 0.6484375 0.03888888888888889 0.0140625 0.05555555555555555
0 0.5671875 0.06388888888888888 0.009375 0.06111111111111111
0 0.534375 0.2861111111111111 0.01875 0.08611111111111111
0 0.5765625 0.03611111111111111 0.0109375 0.05555555555555555
1 0.55 0.041666666666666664 0.0140625 0.05277777777777778
0 0.534375 0.025 0.0109375 0.025
0 0.4390625 0.05 0.009375 0.06111111111111111
0 0.4765625 0.05277777777777778 0.0109375 0.06111111111111111
0 0.4859375 0.022222222222222223 0.00625 0.03888888888888889
0 0.3984375 0.16111111111111112 0.0171875 0.075
0 0.3765625 0.18611111111111112 0.01875 0.075
0 0.3421875 0.06388888888888888 0.0140625 0.06388888888888888
0 0.3890625 0.07777777777777778 0.0171875 0.06388888888888888
1 0.3703125 0.016666666666666666 0.0140625 0.03333333333333333
0 0.3265625 0.03333333333333333 0.015625 0.05555555555555555
0 0.2984375 0.041666666666666664 0.0171875 0.06388888888888888
1 0.2703125 0.030555555555555555 0.0125 0.06111111111111111
0 0.2859375 0.49444444444444446 0.0515625 0.09166666666666666
0 0.396875 0.4305555555555556 0.0265625 0.08888888888888889
0 0.4 0.3333333333333333 0.0203125 0.08333333333333333
0 0.1453125 0.18611111111111112 0.0359375 0.07777777777777778
0 0.0546875 0.44166666666666665 0.0578125 0.11666666666666667
0 0.1140625 0.5555555555555556 0.05625 0.08888888888888889
0 0.146875 0.5944444444444444 0.0359375 0.10277777777777777
0 0.1796875 0.6333333333333333 0.0328125 0.09166666666666666
0 0.1015625 0.7111111111111111 0.05625 0.1111111111111111
0 0.1109375 0.8583333333333333 0.071875 0.1388888888888889
0 0.2734375 0.7888888888888889 0.034375 0.1111111111111111
0 0.3015625 0.9305555555555556 0.040625 0.12777777777777777
0 0.34375 0.8527777777777777 0.03125 0.11388888888888889
0 0.3921875 0.7388888888888889 0.0375 0.11944444444444445
0 0.428125 0.7666666666666667 0.0359375 0.1
0 0.446875 0.9555555555555556 0.034375 0.08333333333333333
0 0.4953125 0.8888888888888888 0.0296875 0.13055555555555556
1 0.634375 0.825 0.0375 0.08611111111111111
1 0.58125 0.8444444444444444 0.0203125 0.1
1 0.546875 0.8444444444444444 0.025 0.08888888888888889
1 0.409375 0.9777777777777777 0.034375 0.044444444444444446
1 0.7640625 0.8861111111111111 0.0234375 0.09166666666666666
1 0.7859375 0.8444444444444444 0.025 0.08055555555555556
1 0.596875 0.9611111111111111 0.01875 0.075
1 0.578125 0.9611111111111111 0.01875 0.07777777777777778
1 0.5546875 0.9527777777777777 0.025 0.08333333333333333
1 0.815625 0.8416666666666667 0.034375 0.10277777777777777
1 0.85625 0.8138888888888889 0.0265625 0.09166666666666666
1 0.865625 0.9111111111111111 0.040625 0.08888888888888889
1 0.834375 0.9472222222222222 0.025 0.10277777777777777
1 0.8984375 0.825 0.04375 0.08055555555555556
1 0.909375 0.9305555555555556 0.034375 0.08888888888888889
0 0.875 0.5694444444444444 0.0546875 0.09444444444444444
0 0.978125 0.6444444444444445 0.0421875 0.10833333333333334
0 0.9421875 0.8638888888888889 0.0640625 0.075
0 0.6578125 0.975 0.0390625 0.05
0 0.7046875 0.9583333333333334 0.03125 0.08333333333333333
0 0.815625 0.30833333333333335 0.034375 0.075
0 0.8640625 0.46111111111111114 0.05 0.075
0 0.9015625 0.46111111111111114 0.0296875 0.058333333333333334
1 0.6265625 0.9111111111111111 0.0234375 0.1111111111111111