0 0.09359754741903499 0.9111455382384351 0.044149975799503194 0.12357983838330584
0 0.1544805052645573 0.8963698369389919 0.05352497579950315 0.12387075613210957
0 0.44266124043383437 0.6358953564159926 0.044140885440423536 0.12080206060552806
1 0.6028089209556018 0.8769520692567655 0.06148292154477701 0.16855763203389024
1 0.7776543848512484 0.8351603116788776 0.0441136143631848 0.11246872727219473
0 0.6541794816532357 0.3424894920555415 0.03469316256778665 0.09828892063450212
1 0.4367556323171655 0.2635276753193686 0.020539758976990542 0.07007476623351899
1 0.5250909035907962 0.044069171710780855 0.014235216822512697 0.053214154400983225
1 0.44095225292686624 0.11367313419377045 0.01894998789975162 0.06169294660871836
1 0.4252636204133089 0.09374382683465328 0.017423849336070062 0.07275557142836221
1 0.3909795240041051 0.1204549062001511 0.023664758976990365 0.07017173881645351
1 0.3690954336450255 0.11699832034183152 0.014344301131468206 0.08654748773431654
1 0.3503272529268663 0.11086092928866872 0.011164758976990364 0.06978384848471535
1 0.3033886204133089 0.08996189610020613 0.01740566861791084 0.06720001587280665