0 0.2101669044670607 0.19494703836149668 0.028381865177646404 0.07109348078155478
0 0.8008002890845265 0.9320192026079596 0.04618579528527036 0.036146395320168445
0 0.09226435111901979 0.8844885084933629 0.07351458271265772 0.12658731840869059
0 0.25141264268023644 0.10918865159123645 0.02005994292790545 0.051164025649724935
0 0.4499229172873422 0.09409160235386989 0.015372442927905539 0.050873019237293704
0 0.3458176141441891 0.07836852334261182 0.01559076674922295 0.059206352570627015
0 0.22527386600621596 0.45192234177015095 0.03277826674922295 0.0602733760828749
0 0.16310781389652013 0.2644267670149986 0.026528266749222994 0.05988536753296658
0 0.4168236269644707 0.0012058594137610667 0.017915246071058634 0.0024117188275221335
1 0.4143107489665427 0.1434478716005878 0.015736315963434677 0.0647619081261826
1 0.4540880707209457 0.4709963608943539 0.022350188998963995 0.07903880556497964
0 0.2626197005809005 0.6936507263652372 0.03401543507002262 0.10749559830509713
1 0.5198885450803825 0.6388534869301077 0.028818512820281583 0.08776014744822144
1 0.5941823395370832 0.06572296126153435 0.01693494292790554 0.05097002137477078
1 0.5848243403656528 0.6015430659602142 0.025475188998963994 0.07923280983993396
0 0.7169947932183557 0.2605465637661918 0.020642139784752267 0.07338624787194716
0 0.32091600579096824 0.3738799912993041 0.030924668320799587 0.04906526283428671
1 0.7250641583960021 0.19071411077183906 0.02198631596343468 0.06514991667609091
1 0.4004280314315314 0.1970016664781822 0.015081344499482086 0.03976190812618259
1 0.5953424251452251 0.14052895698658022 0.01402826674922295 0.05910935043314996
0 0.7549142084387833 0.7185536064780365 0.06490156203449331 0.0955467521657498
1 0.757709568654031 0.7904848222878273 0.03477741439185813 0.07703704488701849
0 0.1801839979330854 0.3271516302541626 0.03128854135632886 0.0629541517231756
1 0.3433346612914862 0.4113138481260369 0.020132717535011224 0.05394180342750272
1 0.6915538374701686 0.398015704801982 0.02652826674922295 0.05988536753296658
0 0.2793193188589188 0.11577594644998239 0.018424668320799586 0.04828924573447008
1 0.6304494793218355 0.0048808775257708804 0.011883569892376045 0.009761755051541761
1 0.4296788837888963 0.21182529253278437 0.01402826674922295 0.05910935043314996
1 0.2636770864367114 0.5937477285027144 0.027110463606069855 0.08210758975518881
0 0.8796616513666887 0.6608904376173474 0.05847177956950489 0.1478395192561422
0 0.38003844871887366 0.32029091221265227 0.02220463978475227 0.07348325000942424
1 0.30268404425181294 0.11709869216560402 0.01693494292790536 0.05097002137477078
1 0.43448200785788293 0.028491959199451068 0.010830492142117265 0.05613756838041802
1 0.6931120293646169 0.5171691428339952 0.01722604135632899 0.062081132485881894
0 0.40046226468230844 0.25523799767403843 0.019006865177646402 0.0705114679566923
1 0.5583561555005179 0.011302843888779588 0.013446069892376044 0.022605687777559176
0 0.13760269975233097 0.166172805489586 0.03946491439185813 0.07732805129944983
1 0.8569990550051798 0.33505270258911113 0.018497442927905183 0.05106702351224786
1 0.469837311001036 0.04848313225970051 0.01359161910658777 0.042442683766483295
1 0.4827354172873422 0.09205455746685125 0.01380994292790554 0.05077601709981663
1 0.3180564871797184 0.06622567292831032 0.012392992142117176 0.056234570517895106
1 0.29369853432701554 0.4005290276364144 0.024965766749223038 0.059788365395489505
0 0.2561343759310134 0.16713397637466146 0.023694365177646403 0.07080247436912354
1 0.6445289801504052 0.5257317646513401 0.03128854135632899 0.06295415172317544
1 0.30485005004278126 0.5107671195102318 0.019006865177646402 0.0705114679566923
1 0.282846733250777 0.040678944312505315 0.013664393713693723 0.04522046154426107
0 0.5085744793218355 0.012136183109599106 0.012247442927905538 0.024272366219198212
1 0.22102732175440298 0.3162962413464252 0.03812073821317572 0.08556438249530614
1 0.2239639230783105 0.5019223417701509 0.022748295285270358 0.03469136325801243
1 0.23002983250776995 0.5681039977494322 0.03328768899896399 0.07971782052731934
1 0.3153808275453712 0.7042415425799055 0.05865156203449331 0.09515874361584133
1 0.32265398015040503 0.545714204971618 0.02049659057054054 0.0678306923163916
1 0.2844305421848984 0.45656959387935536 0.02427656203449331 0.09302469659134577
1 0.3480563945422633 0.4692591729094619 0.019006865177646402 0.07051146795669215
1 0.35949900868645235 0.5683861536721682 0.025766287427387447 0.0903439209510449
1 0.3720033167920042 0.4483596964028613 0.023985463606069856 0.08191358548023465
1 0.39053068486513476 0.57477944425596 0.02562073821317572 0.0847883653954895
1 0.4836257134011821 0.5939593160073353 0.01988016046291676 0.10384480129002564
0 0.5961513304408553 0.8837123736438226 0.0507320541766104 0.15013228634653458
0 0.7130221149727587 0.5908111129093161 0.0416823858558109 0.10242505343692695
1 0.6837027961138398 0.45951482446300146 0.02198631596343468 0.06514991667609091
0 0.07627140157157657 0.008791880863925626 0.048946922249740996 0.01758376172785125
0 0.01845890157157657 0.010174161322973973 0.022384422249741003 0.020348322645947946
0 0.21994862696447068 0.006000856789035839 0.022457196856846905 0.012001713578071678
0 0.23884417617868242 0.0005819833874315344 0.023801373035529316 0.001163966774863069
0 0.26675085235736484 0.007993796414732636 0.021113020678164406 0.015987592829465273
0 0.25948200785788283 0.0393561985968837 0.023476041356328813 0.062469141035790196
0 0.3230736269644707 0.004212925675550456 0.024165246071058633 0.008425851351100912
1 0.3017615531431531 0.013104021299376982 0.018351893713693723 0.026208042598753964
0 0.34345890157157655 0.0002071916972043095 0.03019692224974104 0.000414383394408619
1 0.37074483953708326 0.07959426692075637 0.01871576674922295 0.059400356845581176
1 0.3805564871797184 0.06234558742922723 0.017153266749223038 0.0593033547081041
1 0.39723456492997744 0.08072300836142383 0.013809942927905449 0.050776017099816606
1 0.3679066298599548 0.1879276002540897 0.025547963606069857 0.08201058761771172
1 0.7183303531859344 0.5072837753010286 0.02303939371369381 0.04580247436912354
1 0.7151026534336034 0.33276878598841403 0.017517139784752268 0.073192243596993
1 0.6391223502904502 0.3152996685025686 0.017444365177646404 0.07041446581921523
1 0.602820977254921 0.3314196065534303 0.01893409057054054 0.06773369017891452
1 0.5875983916467791 0.2574866300656781 0.012975188998963993 0.07845679274011733
0 0.413077888751295 0.07141965365331973 0.01559076674922295 0.059206352570627035
1 0.4572303031431531 0.007535219446709417 0.01515411910658777 0.015070438893418834
0 0.47547088089341216 0.012081014736158174 0.01293664764263518 0.017442683766483284
1 0.4950556348223536 0.03859776472673395 0.010612168320799498 0.047804235047084684
1 0.5112970649299774 0.07364185232559721 0.014319365177646403 0.07022046154426106
1 0.4876754743594368 0.14166654891694297 0.01112159057054054 0.06724867949152914
1 0.5293920934660247 0.09747782667587228 0.015736315963434677 0.0647619081261826
1 0.5275042617868243 0.05044960872860422 0.00824914764263518 0.01715167735405204
1 0.5239083808934122 0.0144289501999915 0.011956344499482085 0.028857900399983
1 0.543167803143153 0.004722157459874183 0.005779119106587771 0.009444314919748367
1 0.538587311001036 0.04421503821070913 0.008613020678164319 0.031040566242940947
1 0.5583176141441891 0.06517623264572935 0.009195217535011225 0.05326278846516317
1 0.5562114586436712 0.02648134803179461 0.011592471463952592 0.02567901496233955
1 0.6616994793218355 0.0073588278388530635 0.010684942927905538 0.014717655677706127
1 0.6416395363939301 0.04059067491499982 0.007705492142117088 0.05594356410546387
1 0.6278681348223536 0.0303525830411824 0.011956344499482085 0.03956790385122843
1 0.6038484379655067 0.05402983732556078 0.010248295285270359 0.03391534615819578
1 0.6267037411086598 0.07479702748562685 0.013882717535011224 0.05355379487759438
1 0.6092979172873423 0.08419738433120803 0.012392992142117087 0.056234570517895106
1 0.6679109379655067 0.05005274968900062 0.009267992142117265 0.056040566242940945
1 0.7013784094294595 0.027649828363798108 0.012611315963434677 0.055299656727596215
1 0.7071532204304954 0.1003084718923744 0.010903266749222951 0.058915346158195804
1 0.6591138267168016 0.14766298046113116 0.012684090570540717 0.06734568162900621
1 0.64803077750259 0.15389755097902624 0.012756865177646404 0.07012345940678395
1 0.615727699752331 0.13649015142160043 0.01315497146395277 0.025776017099816625
1 0.6055521790741666 0.16762771980201843 0.010830492142117088 0.05613756838041802
1 0.6255735806457431 0.17747780312592754 0.014319365177646403 0.07022046154426106
1 0.6371660521096958 0.151798788163588 0.011048815963434678 0.06447090171375136
1 0.606421166253885 0.2535448266381754 0.012611315963434677 0.06456790385122843
0 0.6712841869320494 0.2190121834460597 0.018642992142117266 0.056622579067803415
0 0.6819691298599548 0.1684301706211972 0.013518844499482086 0.039664905988705514
1 0.7151455028954841 0.15250423684528971 0.010757717535011225 0.05335979060264025
1 0.7256848966091779 0.1074777795759828 0.011810795285270358 0.03401234829567288
1 0.7188184665015539 0.07185167915225708 0.010175520678164319 0.031137568380418024
1 0.7481035521096958 0.14491163640271557 0.012101893713693811 0.04512345940678399
1 0.7343321505381193 0.1346735445288981 0.013446069892376044 0.03688712821092774
1 0.7428723966091779 0.10641075606373494 0.011301373035529139 0.014567903851228437
0 0.6877867903228715 0.06545838856846528 0.01871576674922295 0.059400356845581176
0 0.6846275570720947 0.015037396744216126 0.015226893713693812 0.030074793488432252
0 0.6500684665015539 0.07611977320124846 0.013882717535011224 0.0535537948775944
0 0.6108989586436712 0.023086273220096917 0.01493579528527036 0.03420635257062703
0 0.49963181885891894 0.10209864506571455 0.015445217535011223 0.05365079701507148
0 0.6501797824649888 0.018809446431133945 0.010684942927905538 0.03761889286226789