0 0.2234375 0.7333333333333333 0.0375 0.1111111111111111
0 0.6953125 0.07777777777777778 0.01875 0.05277777777777778
0 0.2609375 0.8861111111111111 0.0390625 0.11666666666666667
0 0.2296875 0.5083333333333333 0.0375 0.14722222222222223
0 0.36875 0.6416666666666667 0.0265625 0.10277777777777777
1 0.7671875 0.2 0.0203125 0.044444444444444446
1 0.5640625 0.3472222222222222 0.0171875 0.044444444444444446
1 0.515625 0.11666666666666667 0.0140625 0.058333333333333334
0 0.359375 0.10833333333333334 0.0296875 0.06388888888888888
1 0.271875 0.4388888888888889 0.0453125 0.1
0 0.7234375 0.1111111111111111 0.0203125 0.05
0 0.440625 0.4111111111111111 0.025 0.08611111111111111
0 0.1109375 0.9027777777777778 0.0671875 0.14444444444444443
0 0.2640625 0.15555555555555556 0.0203125 0.05555555555555555
0 0.390625 0.04722222222222222 0.01875 0.058333333333333334
1 0.3 0.15555555555555556 0.0140625 0.03888888888888889
1 0.646875 0.14722222222222223 0.015625 0.04722222222222222
1 0.309375 0.20833333333333334 0.015625 0.03333333333333333
0 0.3375 0.4388888888888889 0.0328125 0.07222222222222222
1 0.4578125 0.17222222222222222 0.0171875 0.03333333333333333
0 0.334375 0.3138888888888889 0.025 0.08055555555555556
1 0.3 0.2722222222222222 0.021875 0.058333333333333334
0 0.29375 0.35833333333333334 0.0296875 0.08055555555555556
1 0.51875 0.17222222222222222 0.0125 0.027777777777777776
1 0.2140625 0.9666666666666667 0.0375 0.06388888888888888
1 0.5484375 0.4638888888888889 0.01875 0.07777777777777778
0 0.471875 0.37777777777777777 0.0171875 0.07777777777777778
1 0.78125 0.33055555555555555 0.021875 0.06111111111111111
0 0.4203125 0.5138888888888888 0.0265625 0.07777777777777778
0 0.63125 0.025 0.0125 0.03888888888888889
1 0.3796875 0.2638888888888889 0.0109375 0.027777777777777776
1 0.5328125 0.15555555555555556 0.015625 0.06388888888888888
1 0.2828125 0.11944444444444445 0.0171875 0.03611111111111111
0 0.0375 0.016666666666666666 0.0515625 0.030555555555555555
1 0.2671875 0.7083333333333334 0.0265625 0.09444444444444444
1 0.7203125 0.2833333333333333 0.0171875 0.044444444444444446
1 0.4703125 0.20555555555555555 0.0140625 0.03333333333333333
0 0.2453125 0.18055555555555555 0.0171875 0.058333333333333334
0 0.1625 0.8833333333333333 0.040625 0.13055555555555556
1 0.1921875 0.8777777777777778 0.0375 0.1
1 0.225 0.8972222222222223 0.0421875 0.10277777777777777
1 0.2921875 0.7416666666666667 0.0328125 0.10555555555555556
1 0.253125 0.7805555555555556 0.028125 0.075
0 0.446875 0.9277777777777778 0.0578125 0.1361111111111111
1 0.3734375 0.4 0.05 0.08333333333333333
1 0.409375 0.4361111111111111 0.0171875 0.06388888888888888
0 0.4140625 0.37222222222222223 0.025 0.06111111111111111
1 0.3578125 0.32222222222222224 0.0171875 0.06666666666666667
1 0.378125 0.3277777777777778 0.021875 0.07222222222222222
1 0.3578125 0.25 0.01875 0.03888888888888889
1 0.359375 0.2861111111111111 0.0171875 0.06944444444444445
1 0.4078125 0.3194444444444444 0.0171875 0.06666666666666667
1 0.4296875 0.2861111111111111 0.01875 0.06944444444444445
0 0.40625 0.2722222222222222 0.01875 0.058333333333333334
1 0.403125 0.225 0.015625 0.05277777777777778
1 0.403125 0.18888888888888888 0.0125 0.044444444444444446
1 0.3921875 0.2111111111111111 0.0109375 0.06388888888888888
0 0.3765625 0.18055555555555555 0.0203125 0.06666666666666667
0 0.3515625 0.18333333333333332 0.0234375 0.06111111111111111
0 0.340625 0.2388888888888889 0.01875 0.06666666666666667
1 0.3328125 0.15833333333333333 0.0203125 0.08055555555555556
0 0.446875 0.2722222222222222 0.0125 0.06944444444444445
1 0.490625 0.38333333333333336 0.0171875 0.08055555555555556
1 0.496875 0.3388888888888889 0.015625 0.06666666666666667
1 0.534375 0.35 0.01875 0.09166666666666666
0 0.521875 0.3111111111111111 0.0140625 0.08055555555555556
1 0.534375 0.26944444444444443 0.0109375 0.06666666666666667
1 0.490625 0.25277777777777777 0.015625 0.075
1 0.5109375 0.25 0.0140625 0.07222222222222222
1 0.521875 0.23055555555555557 0.0109375 0.06944444444444445
1 0.515625 0.20833333333333334 0.0140625 0.05277777777777778
1 0.603125 0.3472222222222222 0.021875 0.08333333333333333
0 0.6078125 0.2777777777777778 0.015625 0.05555555555555555
1 0.621875 0.3194444444444444 0.0109375 0.07777777777777778
1 0.63125 0.3527777777777778 0.0125 0.07222222222222222
1 0.6515625 0.3638888888888889 0.015625 0.08611111111111111
1 0.6484375 0.3277777777777778 0.0140625 0.06666666666666667
0 0.6453125 0.28055555555555556 0.0109375 0.06388888888888888
1 0.628125 0.25833333333333336 0.0109375 0.06111111111111111
1 0.6375 0.23333333333333334 0.0109375 0.05277777777777778
1 0.621875 0.2111111111111111 0.0125 0.058333333333333334
1 0.63125 0.20555555555555555 0.009375 0.05277777777777778
1 0.59375 0.225 0.015625 0.06666666666666667
1 0.6015625 0.20833333333333334 0.0140625 0.06666666666666667
1 0.528125 0.13055555555555556 0.0125 0.05555555555555555
1 0.5765625 0.16111111111111112 0.0140625 0.07222222222222222
1 0.5921875 0.15833333333333333 0.0125 0.06111111111111111
1 0.609375 0.15833333333333333 0.0140625 0.06111111111111111
1 0.65625 0.18611111111111112 0.009375 0.06944444444444445
0 0.6765625 0.15 0.0140625 0.058333333333333334
1 0.6828125 0.19722222222222222 0.0171875 0.06944444444444445
1 0.66875 0.21944444444444444 0.0109375 0.06111111111111111
0 0.6609375 0.3055555555555556 0.0125 0.06388888888888888
1 0.671875 0.3416666666666667 0.009375 0.07777777777777778
1 0.6828125 0.3333333333333333 0.009375 0.075
1 0.696875 0.34444444444444444 0.0109375 0.08333333333333333
1 0.7078125 0.3416666666666667 0.0109375 0.08333333333333333
1 0.73125 0.3333333333333333 0.021875 0.06666666666666667
0 0.7203125 0.425 0.0265625 0.08055555555555556
0 0.7359375 0.4027777777777778 0.025 0.07222222222222222
0 0.7875 0.4666666666666667 0.0421875 0.09722222222222222
0 0.7875 0.4027777777777778 0.0484375 0.07222222222222222
0 0.8359375 0.5305555555555556 0.040625 0.09444444444444444
0 0.9 0.5 0.0640625 0.10555555555555556
1 0.83125 0.39166666666666666 0.0296875 0.08333333333333333
1 0.8015625 0.3416666666666667 0.0125 0.08333333333333333
1 0.815625 0.33055555555555555 0.0109375 0.07777777777777778
1 0.8046875 0.2972222222222222 0.0109375 0.06388888888888888
1 0.759375 0.2722222222222222 0.0125 0.08055555555555556
1 0.7703125 0.2611111111111111 0.0078125 0.06944444444444445
0 0.790625 0.2611111111111111 0.01875 0.06388888888888888
1 0.734375 0.21388888888888888 0.015625 0.08333333333333333
0 0.721875 0.18611111111111112 0.015625 0.06666666666666667
1 0.7 0.14166666666666666 0.015625 0.06944444444444445
1 0.715625 0.1361111111111111 0.0125 0.06388888888888888
0 0.6640625 0.041666666666666664 0.0140625 0.04722222222222222
1 0.6375 0.08888888888888889 0.0171875 0.05555555555555555
1 0.63125 0.06666666666666667 0.0125 0.03333333333333333
1 0.4625 0.25 0.015625 0.06111111111111111
1 0.453125 0.20555555555555555 0.0171875 0.058333333333333334
1 0.4375 0.14444444444444443 0.0140625 0.06111111111111111
0 0.4515625 0.11388888888888889 0.028125 0.058333333333333334
0 0.4078125 0.027777777777777776 0.025 0.05277777777777778
0 0.9609375 0.7722222222222223 0.078125 0.1111111111111111
0 0.184375 0.7333333333333333 0.034375 0.13333333333333333