0 0.12241714834794788 0.9204302433846342 0.07498006784239583 0.15906056205970268
0 0.17801205110690985 0.8987898041435074 0.06996501922187685 0.14790096903350017
0 0.43516280981333716 0.9319957043907203 0.04587242198083885 0.12543633723582148
0 0.5027929658516594 0.6827714150321811 0.04381859905006032 0.10875350993079122
1 0.9630355042954133 0.9769047671881231 0.05945024310259513 0.04619046562375376
0 0.3295923247398008 0.10615535119580463 0.023758404567984216 0.06411513782598159
0 0.23478443577564878 0.016312984643453616 0.030424484396167805 0.02530705212891153
0 0.014553822930778513 0.01681211241194055 0.027463258706427268 0.030830286407739563
0 0.6296808559474653 0.05927435440001124 0.017672178878243728 0.06960605082808209
1 0.2621658073269463 0.04436549327341539 0.017344630257724793 0.05849493971697098
1 0.35772396879233553 0.05368462554693838 0.014301517412854547 0.061240396218021236
1 0.37655585594746527 0.05665633098508134 0.01602779172311406 0.06681211241194056
1 0.39357958163720574 0.051278542451527194 0.01421963025772488 0.058462618440243454
1 0.4233356806872662 0.15988660663704451 0.020633404567984216 0.06408281654925409
1 0.44103443577564877 0.018446188907470573 0.011756371551297561 0.02789090224632413
1 0.4712951458615571 0.038197685480826554 0.015864017412854637 0.06125655685638499
1 0.4905364687923356 0.05505827980785839 0.012657130257724702 0.05844645780187968